// SKY


// Row 1

28.0  8.0 -4.0 0.0 1.0
28.0  8.0  4.0 0.0 0.0
36.0  8.0  4.0 1.0 0.0
28.0  8.0 -4.0 0.0 1.0
36.0  8.0 -4.0 1.0 1.0
36.0  8.0  4.0 1.0 0.0

20.0  8.0 -4.0 0.0 1.0
20.0  8.0  4.0 0.0 0.0
28.0  8.0  4.0 1.0 0.0
20.0  8.0 -4.0 0.0 1.0
28.0  8.0 -4.0 1.0 1.0
28.0  8.0  4.0 1.0 0.0

12.0  8.0 -4.0 0.0 1.0
12.0  8.0  4.0 0.0 0.0
20.0  8.0  4.0 1.0 0.0
12.0  8.0 -4.0 0.0 1.0
20.0  8.0 -4.0 1.0 1.0
20.0  8.0  4.0 1.0 0.0

//stena

-4.0  8.0 -4.0 0.0 1.0
-4.0  8.0  4.0 0.0 0.0
 4.0  8.0  4.0 1.0 0.0
-4.0  8.0 -4.0 0.0 1.0
 4.0  8.0 -4.0 1.0 1.0
 4.0  8.0  4.0 1.0 0.0
 
-12.0  8.0 -4.0 0.0 1.0
-12.0  8.0  4.0 0.0 0.0
 -4.0  8.0  4.0 1.0 0.0
-12.0  8.0 -4.0 0.0 1.0
 -4.0  8.0 -4.0 1.0 1.0
 -4.0  8.0  4.0 1.0 0.0
 
-20.0  8.0 -4.0 0.0 1.0
-20.0  8.0  4.0 0.0 0.0
-12.0  8.0  4.0 1.0 0.0
-20.0  8.0 -4.0 0.0 1.0
-12.0  8.0 -4.0 1.0 1.0
-12.0  8.0  4.0 1.0 0.0

-28.0  8.0 -4.0 0.0 1.0
-28.0  8.0  4.0 0.0 0.0
-20.0  8.0  4.0 1.0 0.0
-28.0  8.0 -4.0 0.0 1.0
-20.0  8.0 -4.0 1.0 1.0
-20.0  8.0  4.0 1.0 0.0

-36.0  8.0 -4.0 0.0 1.0
-36.0  8.0  4.0 0.0 0.0
-28.0  8.0  4.0 1.0 0.0
-36.0  8.0 -4.0 0.0 1.0
-28.0  8.0 -4.0 1.0 1.0
-28.0  8.0  4.0 1.0 0.0

-44.0  8.0 -4.0 0.0 1.0
-44.0  8.0  4.0 0.0 0.0
-36.0  8.0  4.0 1.0 0.0
-44.0  8.0 -4.0 0.0 1.0
-36.0  8.0 -4.0 1.0 1.0
-36.0  8.0  4.0 1.0 0.0

-52.0  8.0 -4.0 0.0 1.0
-52.0  8.0  4.0 0.0 0.0
-44.0  8.0  4.0 1.0 0.0
-52.0  8.0 -4.0 0.0 1.0
-44.0  8.0 -4.0 1.0 1.0
-44.0  8.0  4.0 1.0 0.0

-60.0  8.0 -4.0 0.0 1.0
-60.0  8.0  4.0 0.0 0.0
-52.0  8.0  4.0 1.0 0.0
-60.0  8.0 -4.0 0.0 1.0
-52.0  8.0 -4.0 1.0 1.0
-52.0  8.0  4.0 1.0 0.0

-68.0  8.0 -4.0 0.0 1.0
-68.0  8.0  4.0 0.0 0.0
-60.0  8.0  4.0 1.0 0.0
-68.0  8.0 -4.0 0.0 1.0
-60.0  8.0 -4.0 1.0 1.0
-60.0  8.0  4.0 1.0 0.0
 

// Row 2
 
28.0  8.0 -12.0 0.0 1.0
28.0  8.0 -4.0  0.0 0.0
36.0  8.0 -4.0  1.0 0.0
28.0  8.0 -12.0 0.0 1.0
36.0  8.0 -12.0 1.0 1.0
36.0  8.0 -4.0  1.0 0.0

//stena
 
12.0  8.0 -12.0 0.0 1.0
12.0  8.0 -4.0  0.0 0.0
20.0  8.0 -4.0  1.0 0.0
12.0  8.0 -12.0 0.0 1.0
20.0  8.0 -12.0 1.0 1.0
20.0  8.0 -4.0  1.0 0.0

//stena
 
-4.0  8.0 -12.0 0.0 1.0
-4.0  8.0 -4.0  0.0 0.0
 4.0  8.0 -4.0  1.0 0.0
-4.0  8.0 -12.0 0.0 1.0
 4.0  8.0 -12.0 1.0 1.0
 4.0  8.0 -4.0  1.0 0.0
 
//stena
//stena
//stena
 
-36.0  8.0 -12.0 0.0 1.0
-36.0  8.0 -4.0  0.0 0.0
-28.0  8.0 -4.0  1.0 0.0
-36.0  8.0 -12.0 0.0 1.0
-28.0  8.0 -12.0 1.0 1.0
-28.0  8.0 -4.0  1.0 0.0

//stena
//stena
//stena
 
-68.0  8.0 -12.0 0.0 1.0
-68.0  8.0 -4.0  0.0 0.0
-60.0  8.0 -4.0  1.0 0.0
-68.0  8.0 -12.0 0.0 1.0
-60.0  8.0 -12.0 1.0 1.0
-60.0  8.0 -4.0  1.0 0.0
 
 
// Row 3
 
28.0  8.0 -20.0  0.0 1.0
28.0  8.0 -12.0  0.0 0.0
36.0  8.0 -12.0  1.0 0.0
28.0  8.0 -20.0  0.0 1.0
36.0  8.0 -20.0  1.0 1.0
36.0  8.0 -12.0  1.0 0.0

//stena
 
12.0  8.0 -20.0  0.0 1.0
12.0  8.0 -12.0  0.0 0.0
20.0  8.0 -12.0  1.0 0.0
12.0  8.0 -20.0  0.0 1.0
20.0  8.0 -20.0  1.0 1.0
20.0  8.0 -12.0  1.0 0.0

//stena
 
-4.0  8.0 -20.0  0.0 1.0
-4.0  8.0 -12.0  0.0 0.0
 4.0  8.0 -12.0  1.0 0.0
-4.0  8.0 -20.0  0.0 1.0
 4.0  8.0 -20.0  1.0 1.0
 4.0  8.0 -12.0  1.0 0.0
 
//stena

-20.0  8.0 -20.0 0.0 1.0
-20.0  8.0 -12.0 0.0 0.0
-12.0  8.0 -12.0 1.0 0.0
-20.0  8.0 -20.0 0.0 1.0
-12.0  8.0 -20.0 1.0 1.0
-12.0  8.0 -12.0 1.0 0.0

//stena
 
-36.0  8.0 -20.0  0.0 1.0
-36.0  8.0 -12.0  0.0 0.0
-28.0  8.0 -12.0  1.0 0.0
-36.0  8.0 -20.0  0.0 1.0
-28.0  8.0 -20.0  1.0 1.0
-28.0  8.0 -12.0  1.0 0.0

//stena

-52.0  8.0 -20.0 0.0 1.0
-52.0  8.0 -12.0 0.0 0.0
-44.0  8.0 -12.0 1.0 0.0
-52.0  8.0 -20.0 0.0 1.0
-44.0  8.0 -20.0 1.0 1.0
-44.0  8.0 -12.0 1.0 0.0

-60.0  8.0 -20.0 0.0 1.0
-60.0  8.0 -12.0 0.0 0.0
-52.0  8.0 -12.0 1.0 0.0
-60.0  8.0 -20.0 0.0 1.0
-52.0  8.0 -20.0 1.0 1.0
-52.0  8.0 -12.0 1.0 0.0

-68.0  8.0 -20.0  0.0 1.0
-68.0  8.0 -12.0  0.0 0.0
-60.0  8.0 -12.0  1.0 0.0
-68.0  8.0 -20.0  0.0 1.0
-60.0  8.0 -20.0  1.0 1.0
-60.0  8.0 -12.0  1.0 0.0
 

// Row 4

28.0  8.0 -28.0  0.0 1.0
28.0  8.0 -20.0  0.0 0.0
36.0  8.0 -20.0  1.0 0.0
28.0  8.0 -28.0  0.0 1.0
36.0  8.0 -28.0  1.0 1.0
36.0  8.0 -20.0  1.0 0.0

//stena
 
12.0  8.0 -28.0  0.0 1.0
12.0  8.0 -20.0  0.0 0.0
20.0  8.0 -20.0  1.0 0.0
12.0  8.0 -28.0  0.0 1.0
20.0  8.0 -28.0  1.0 1.0
20.0  8.0 -20.0  1.0 0.0

//stena
 
-4.0  8.0 -28.0  0.0 1.0
-4.0  8.0 -20.0  0.0 0.0
 4.0  8.0 -20.0  1.0 0.0
-4.0  8.0 -28.0  0.0 1.0
 4.0  8.0 -28.0  1.0 1.0
 4.0  8.0 -20.0  1.0 0.0
 
//stena

-20.0  8.0 -28.0 0.0 1.0
-20.0  8.0 -20.0 0.0 0.0
-12.0  8.0 -20.0 1.0 0.0
-20.0  8.0 -28.0 0.0 1.0
-12.0  8.0 -28.0 1.0 1.0
-12.0  8.0 -20.0 1.0 0.0

//stena
 
-36.0  8.0 -28.0  0.0 1.0
-36.0  8.0 -20.0  0.0 0.0
-28.0  8.0 -20.0  1.0 0.0
-36.0  8.0 -28.0  0.0 1.0
-28.0  8.0 -28.0  1.0 1.0
-28.0  8.0 -20.0  1.0 0.0

//stena
//stena
//stena
//stena
 

// Row 5

28.0  8.0 -36.0 0.0 1.0
28.0  8.0 -28.0 0.0 0.0
36.0  8.0 -28.0 1.0 0.0
28.0  8.0 -36.0 0.0 1.0
36.0  8.0 -36.0 1.0 1.0
36.0  8.0 -28.0 1.0 0.0

// stena

12.0  8.0 -36.0 0.0 1.0
12.0  8.0 -28.0 0.0 0.0
20.0  8.0 -28.0 1.0 0.0
12.0  8.0 -36.0 0.0 1.0
20.0  8.0 -36.0 1.0 1.0
20.0  8.0 -28.0 1.0 0.0

 4.0  8.0 -36.0 0.0 1.0
 4.0  8.0 -28.0 0.0 0.0
12.0  8.0 -28.0 1.0 0.0
 4.0  8.0 -36.0 0.0 1.0
12.0  8.0 -36.0 1.0 1.0
12.0  8.0 -28.0 1.0 0.0

-4.0  8.0 -36.0 0.0 1.0
-4.0  8.0 -28.0 0.0 0.0
 4.0  8.0 -28.0 1.0 0.0
-4.0  8.0 -36.0 0.0 1.0
 4.0  8.0 -36.0 1.0 1.0
 4.0  8.0 -28.0 1.0 0.0
 
-12.0  8.0 -36.0 0.0 1.0
-12.0  8.0 -28.0 0.0 0.0
 -4.0  8.0 -28.0 1.0 0.0
-12.0  8.0 -36.0 0.0 1.0
 -4.0  8.0 -36.0 1.0 1.0
 -4.0  8.0 -28.0 1.0 0.0
 
-20.0  8.0 -36.0 0.0 1.0
-20.0  8.0 -28.0 0.0 0.0
-12.0  8.0 -28.0 1.0 0.0
-20.0  8.0 -36.0 0.0 1.0
-12.0  8.0 -36.0 1.0 1.0
-12.0  8.0 -28.0 1.0 0.0

-28.0  8.0 -36.0 0.0 1.0
-28.0  8.0 -28.0 0.0 0.0
-20.0  8.0 -28.0 1.0 0.0
-28.0  8.0 -36.0 0.0 1.0
-20.0  8.0 -36.0 1.0 1.0
-20.0  8.0 -28.0 1.0 0.0

-36.0  8.0 -36.0 0.0 1.0
-36.0  8.0 -28.0 0.0 0.0
-28.0  8.0 -28.0 1.0 0.0
-36.0  8.0 -36.0 0.0 1.0
-28.0  8.0 -36.0 1.0 1.0
-28.0  8.0 -28.0 1.0 0.0

//stena

-52.0  8.0 -36.0 0.0 1.0
-52.0  8.0 -28.0 0.0 0.0
-44.0  8.0 -28.0 1.0 0.0
-52.0  8.0 -36.0 0.0 1.0
-44.0  8.0 -36.0 1.0 1.0
-44.0  8.0 -28.0 1.0 0.0

-60.0  8.0 -36.0 0.0 1.0
-60.0  8.0 -28.0 0.0 0.0
-52.0  8.0 -28.0 1.0 0.0
-60.0  8.0 -36.0 0.0 1.0
-52.0  8.0 -36.0 1.0 1.0
-52.0  8.0 -28.0 1.0 0.0

-68.0  8.0 -36.0 0.0 1.0
-68.0  8.0 -28.0 0.0 0.0
-60.0  8.0 -28.0 1.0 0.0
-68.0  8.0 -36.0 0.0 1.0
-60.0  8.0 -36.0 1.0 1.0
-60.0  8.0 -28.0 1.0 0.0
 
 
// Row 6

28.0  8.0 -44.0 0.0 1.0
28.0  8.0 -36.0 0.0 0.0
36.0  8.0 -36.0 1.0 0.0
28.0  8.0 -44.0 0.0 1.0
36.0  8.0 -44.0 1.0 1.0
36.0  8.0 -36.0 1.0 0.0

// stena
// stena
// stena
// stena
// stena
// stena
// stena

-36.0  8.0 -44.0 0.0 1.0
-36.0  8.0 -36.0 0.0 0.0
-28.0  8.0 -36.0 1.0 0.0
-36.0  8.0 -44.0 0.0 1.0
-28.0  8.0 -44.0 1.0 1.0
-28.0  8.0 -36.0 1.0 0.0

//stena

-52.0  8.0 -44.0 0.0 1.0
-52.0  8.0 -36.0 0.0 0.0
-44.0  8.0 -36.0 1.0 0.0
-52.0  8.0 -44.0 0.0 1.0
-44.0  8.0 -44.0 1.0 1.0
-44.0  8.0 -36.0 1.0 0.0

//stena

-68.0  8.0 -44.0 0.0 1.0
-68.0  8.0 -36.0 0.0 0.0
-60.0  8.0 -36.0 1.0 0.0
-68.0  8.0 -44.0 0.0 1.0
-60.0  8.0 -44.0 1.0 1.0
-60.0  8.0 -36.0 1.0 0.0
 
 
// Row 7

28.0  8.0 -52.0 0.0 1.0
28.0  8.0 -44.0 0.0 0.0
36.0  8.0 -44.0 1.0 0.0
28.0  8.0 -52.0 0.0 1.0
36.0  8.0 -52.0 1.0 1.0
36.0  8.0 -44.0 1.0 0.0

20.0  8.0 -52.0 0.0 1.0
20.0  8.0 -44.0 0.0 0.0
28.0  8.0 -44.0 1.0 0.0
20.0  8.0 -52.0 0.0 1.0
28.0  8.0 -52.0 1.0 1.0
28.0  8.0 -44.0 1.0 0.0

12.0  8.0 -52.0 0.0 1.0
12.0  8.0 -44.0 0.0 0.0
20.0  8.0 -44.0 1.0 0.0
12.0  8.0 -52.0 0.0 1.0
20.0  8.0 -52.0 1.0 1.0
20.0  8.0 -44.0 1.0 0.0

 4.0  8.0 -52.0 0.0 1.0
 4.0  8.0 -44.0 0.0 0.0
12.0  8.0 -44.0 1.0 0.0
 4.0  8.0 -52.0 0.0 1.0
12.0  8.0 -52.0 1.0 1.0
12.0  8.0 -44.0 1.0 0.0

-4.0  8.0 -52.0 0.0 1.0
-4.0  8.0 -44.0 0.0 0.0
 4.0  8.0 -44.0 1.0 0.0
-4.0  8.0 -52.0 0.0 1.0
 4.0  8.0 -52.0 1.0 1.0
 4.0  8.0 -44.0 1.0 0.0
 
-12.0  8.0 -52.0 0.0 1.0
-12.0  8.0 -44.0 0.0 0.0
 -4.0  8.0 -44.0 1.0 0.0
-12.0  8.0 -52.0 0.0 1.0
 -4.0  8.0 -52.0 1.0 1.0
 -4.0  8.0 -44.0 1.0 0.0
 
-20.0  8.0 -52.0 0.0 1.0
-20.0  8.0 -44.0 0.0 0.0
-12.0  8.0 -44.0 1.0 0.0
-20.0  8.0 -52.0 0.0 1.0
-12.0  8.0 -52.0 1.0 1.0
-12.0  8.0 -44.0 1.0 0.0

-28.0  8.0 -52.0 0.0 1.0
-28.0  8.0 -44.0 0.0 0.0
-20.0  8.0 -44.0 1.0 0.0
-28.0  8.0 -52.0 0.0 1.0
-20.0  8.0 -52.0 1.0 1.0
-20.0  8.0 -44.0 1.0 0.0

-36.0  8.0 -52.0 0.0 1.0
-36.0  8.0 -44.0 0.0 0.0
-28.0  8.0 -44.0 1.0 0.0
-36.0  8.0 -52.0 0.0 1.0
-28.0  8.0 -52.0 1.0 1.0
-28.0  8.0 -44.0 1.0 0.0

//stena

-52.0  8.0 -52.0 0.0 1.0
-52.0  8.0 -44.0 0.0 0.0
-44.0  8.0 -44.0 1.0 0.0
-52.0  8.0 -52.0 0.0 1.0
-44.0  8.0 -52.0 1.0 1.0
-44.0  8.0 -44.0 1.0 0.0

//stena

-68.0  8.0 -52.0 0.0 1.0
-68.0  8.0 -44.0 0.0 0.0
-60.0  8.0 -44.0 1.0 0.0
-68.0  8.0 -52.0 0.0 1.0
-60.0  8.0 -52.0 1.0 1.0
-60.0  8.0 -44.0 1.0 0.0


// Row 8

//stena
//stena
//stena
//stena
//stena
//stena
 
-20.0  8.0 -60.0 0.0 1.0
-20.0  8.0 -52.0 0.0 0.0
-12.0  8.0 -52.0 1.0 0.0
-20.0  8.0 -60.0 0.0 1.0
-12.0  8.0 -60.0 1.0 1.0
-12.0  8.0 -52.0 1.0 0.0

-28.0  8.0 -60.0 0.0 1.0
-28.0  8.0 -52.0 0.0 0.0
-20.0  8.0 -52.0 1.0 0.0
-28.0  8.0 -60.0 0.0 1.0
-20.0  8.0 -60.0 1.0 1.0
-20.0  8.0 -52.0 1.0 0.0

-36.0  8.0 -60.0 0.0 1.0
-36.0  8.0 -52.0 0.0 0.0
-28.0  8.0 -52.0 1.0 0.0
-36.0  8.0 -60.0 0.0 1.0
-28.0  8.0 -60.0 1.0 1.0
-28.0  8.0 -52.0 1.0 0.0

//stena
//stena
//stena

-68.0  8.0 -60.0 0.0 1.0
-68.0  8.0 -52.0 0.0 0.0
-60.0  8.0 -52.0 1.0 0.0
-68.0  8.0 -60.0 0.0 1.0
-60.0  8.0 -60.0 1.0 1.0
-60.0  8.0 -52.0 1.0 0.0

 
// Row 9

28.0  8.0 -68.0 0.0 1.0
28.0  8.0 -60.0 0.0 0.0
36.0  8.0 -60.0 1.0 0.0
28.0  8.0 -68.0 0.0 1.0
36.0  8.0 -68.0 1.0 1.0
36.0  8.0 -60.0 1.0 0.0

20.0  8.0 -68.0 0.0 1.0
20.0  8.0 -60.0 0.0 0.0
28.0  8.0 -60.0 1.0 0.0
20.0  8.0 -68.0 0.0 1.0
28.0  8.0 -68.0 1.0 1.0
28.0  8.0 -60.0 1.0 0.0

12.0  8.0 -68.0 0.0 1.0
12.0  8.0 -60.0 0.0 0.0
20.0  8.0 -60.0 1.0 0.0
12.0  8.0 -68.0 0.0 1.0
20.0  8.0 -68.0 1.0 1.0
20.0  8.0 -60.0 1.0 0.0

 4.0  8.0 -68.0 0.0 1.0
 4.0  8.0 -60.0 0.0 0.0
12.0  8.0 -60.0 1.0 0.0
 4.0  8.0 -68.0 0.0 1.0
12.0  8.0 -68.0 1.0 1.0
12.0  8.0 -60.0 1.0 0.0

-4.0  8.0 -68.0 0.0 1.0
-4.0  8.0 -60.0 0.0 0.0
 4.0  8.0 -60.0 1.0 0.0
-4.0  8.0 -68.0 0.0 1.0
 4.0  8.0 -68.0 1.0 1.0
 4.0  8.0 -60.0 1.0 0.0
 
-12.0  8.0 -68.0 0.0 1.0
-12.0  8.0 -60.0 0.0 0.0
 -4.0  8.0 -60.0 1.0 0.0
-12.0  8.0 -68.0 0.0 1.0
 -4.0  8.0 -68.0 1.0 1.0
 -4.0  8.0 -60.0 1.0 0.0
 
-20.0  8.0 -68.0 0.0 1.0
-20.0  8.0 -60.0 0.0 0.0
-12.0  8.0 -60.0 1.0 0.0
-20.0  8.0 -68.0 0.0 1.0
-12.0  8.0 -68.0 1.0 1.0
-12.0  8.0 -60.0 1.0 0.0

-28.0  8.0 -68.0 0.0 1.0
-28.0  8.0 -60.0 0.0 0.0
-20.0  8.0 -60.0 1.0 0.0
-28.0  8.0 -68.0 0.0 1.0
-20.0  8.0 -68.0 1.0 1.0
-20.0  8.0 -60.0 1.0 0.0

-36.0  8.0 -68.0 0.0 1.0
-36.0  8.0 -60.0 0.0 0.0
-28.0  8.0 -60.0 1.0 0.0
-36.0  8.0 -68.0 0.0 1.0
-28.0  8.0 -68.0 1.0 1.0
-28.0  8.0 -60.0 1.0 0.0

-44.0  8.0 -68.0 0.0 1.0
-44.0  8.0 -60.0 0.0 0.0
-36.0  8.0 -60.0 1.0 0.0
-44.0  8.0 -68.0 0.0 1.0
-36.0  8.0 -68.0 1.0 1.0
-36.0  8.0 -60.0 1.0 0.0

-52.0  8.0 -68.0 0.0 1.0
-52.0  8.0 -60.0 0.0 0.0
-44.0  8.0 -60.0 1.0 0.0
-52.0  8.0 -68.0 0.0 1.0
-44.0  8.0 -68.0 1.0 1.0
-44.0  8.0 -60.0 1.0 0.0

-60.0  8.0 -68.0 0.0 1.0
-60.0  8.0 -60.0 0.0 0.0
-52.0  8.0 -60.0 1.0 0.0
-60.0  8.0 -68.0 0.0 1.0
-52.0  8.0 -68.0 1.0 1.0
-52.0  8.0 -60.0 1.0 0.0

-68.0  8.0 -68.0 0.0 1.0
-68.0  8.0 -60.0 0.0 0.0
-60.0  8.0 -60.0 1.0 0.0
-68.0  8.0 -68.0 0.0 1.0
-60.0  8.0 -68.0 1.0 1.0
-60.0  8.0 -60.0 1.0 0.0

 
// Row 10

28.0  8.0 -76.0 0.0 1.0
28.0  8.0 -68.0 0.0 0.0
36.0  8.0 -68.0 1.0 0.0
28.0  8.0 -76.0 0.0 1.0
36.0  8.0 -76.0 1.0 1.0
36.0  8.0 -68.0 1.0 0.0

//stena
//stena
//stena
//stena
//stena
//stena
//stena
//stena
//stena

-52.0  8.0 -76.0 0.0 1.0
-52.0  8.0 -68.0 0.0 0.0
-44.0  8.0 -68.0 1.0 0.0
-52.0  8.0 -76.0 0.0 1.0
-44.0  8.0 -76.0 1.0 1.0
-44.0  8.0 -68.0 1.0 0.0

//stena
//stena
 
 
// Row 11

28.0  8.0 -84.0 0.0 1.0
28.0  8.0 -76.0 0.0 0.0
36.0  8.0 -76.0 1.0 0.0
28.0  8.0 -84.0 0.0 1.0
36.0  8.0 -84.0 1.0 1.0
36.0  8.0 -76.0 1.0 0.0

20.0  8.0 -84.0 0.0 1.0
20.0  8.0 -76.0 0.0 0.0
28.0  8.0 -76.0 1.0 0.0
20.0  8.0 -84.0 0.0 1.0
28.0  8.0 -84.0 1.0 1.0
28.0  8.0 -76.0 1.0 0.0

12.0  8.0 -84.0 0.0 1.0
12.0  8.0 -76.0 0.0 0.0
20.0  8.0 -76.0 1.0 0.0
12.0  8.0 -84.0 0.0 1.0
20.0  8.0 -84.0 1.0 1.0
20.0  8.0 -76.0 1.0 0.0

 4.0  8.0 -84.0 0.0 1.0
 4.0  8.0 -76.0 0.0 0.0
12.0  8.0 -76.0 1.0 0.0
 4.0  8.0 -84.0 0.0 1.0
12.0  8.0 -84.0 1.0 1.0
12.0  8.0 -76.0 1.0 0.0

-4.0  8.0 -84.0 0.0 1.0
-4.0  8.0 -76.0 0.0 0.0
 4.0  8.0 -76.0 1.0 0.0
-4.0  8.0 -84.0 0.0 1.0
 4.0  8.0 -84.0 1.0 1.0
 4.0  8.0 -76.0 1.0 0.0
 
-12.0  8.0 -84.0 0.0 1.0
-12.0  8.0 -76.0 0.0 0.0
 -4.0  8.0 -76.0 1.0 0.0
-12.0  8.0 -84.0 0.0 1.0
 -4.0  8.0 -84.0 1.0 1.0
 -4.0  8.0 -76.0 1.0 0.0
 
-20.0  8.0 -84.0 0.0 1.0
-20.0  8.0 -76.0 0.0 0.0
-12.0  8.0 -76.0 1.0 0.0
-20.0  8.0 -84.0 0.0 1.0
-12.0  8.0 -84.0 1.0 1.0
-12.0  8.0 -76.0 1.0 0.0

-28.0  8.0 -84.0 0.0 1.0
-28.0  8.0 -76.0 0.0 0.0
-20.0  8.0 -76.0 1.0 0.0
-28.0  8.0 -84.0 0.0 1.0
-20.0  8.0 -84.0 1.0 1.0
-20.0  8.0 -76.0 1.0 0.0

-36.0  8.0 -84.0 0.0 1.0
-36.0  8.0 -76.0 0.0 0.0
-28.0  8.0 -76.0 1.0 0.0
-36.0  8.0 -84.0 0.0 1.0
-28.0  8.0 -84.0 1.0 1.0
-28.0  8.0 -76.0 1.0 0.0

-44.0  8.0 -84.0 0.0 1.0
-44.0  8.0 -76.0 0.0 0.0
-36.0  8.0 -76.0 1.0 0.0
-44.0  8.0 -84.0 0.0 1.0
-36.0  8.0 -84.0 1.0 1.0
-36.0  8.0 -76.0 1.0 0.0

-52.0  8.0 -84.0 0.0 1.0
-52.0  8.0 -76.0 0.0 0.0
-44.0  8.0 -76.0 1.0 0.0
-52.0  8.0 -84.0 0.0 1.0
-44.0  8.0 -84.0 1.0 1.0
-44.0  8.0 -76.0 1.0 0.0

//stena

-68.0  8.0 -84.0 0.0 1.0
-68.0  8.0 -76.0 0.0 0.0
-60.0  8.0 -76.0 1.0 0.0
-68.0  8.0 -84.0 0.0 1.0
-60.0  8.0 -84.0 1.0 1.0
-60.0  8.0 -76.0 1.0 0.0
 
 
// Row 12

28.0  8.0 -92.0 0.0 1.0
28.0  8.0 -84.0 0.0 0.0
36.0  8.0 -84.0 1.0 0.0
28.0  8.0 -92.0 0.0 1.0
36.0  8.0 -92.0 1.0 1.0
36.0  8.0 -84.0 1.0 0.0

20.0  8.0 -92.0 0.0 1.0
20.0  8.0 -84.0 0.0 0.0
28.0  8.0 -84.0 1.0 0.0
20.0  8.0 -92.0 0.0 1.0
28.0  8.0 -92.0 1.0 1.0
28.0  8.0 -84.0 1.0 0.0

12.0  8.0 -92.0 0.0 1.0
12.0  8.0 -84.0 0.0 0.0
20.0  8.0 -84.0 1.0 0.0
12.0  8.0 -92.0 0.0 1.0
20.0  8.0 -92.0 1.0 1.0
20.0  8.0 -84.0 1.0 0.0

//stena
//stena
//stena
//stena
//stena

-36.0  8.0 -92.0 0.0 1.0
-36.0  8.0 -84.0 0.0 0.0
-28.0  8.0 -84.0 1.0 0.0
-36.0  8.0 -92.0 0.0 1.0
-28.0  8.0 -92.0 1.0 1.0
-28.0  8.0 -84.0 1.0 0.0

-44.0  8.0 -92.0 0.0 1.0
-44.0  8.0 -84.0 0.0 0.0
-36.0  8.0 -84.0 1.0 0.0
-44.0  8.0 -92.0 0.0 1.0
-36.0  8.0 -92.0 1.0 1.0
-36.0  8.0 -84.0 1.0 0.0

-52.0  8.0 -92.0 0.0 1.0
-52.0  8.0 -84.0 0.0 0.0
-44.0  8.0 -84.0 1.0 0.0
-52.0  8.0 -92.0 0.0 1.0
-44.0  8.0 -92.0 1.0 1.0
-44.0  8.0 -84.0 1.0 0.0

//stena

-68.0  8.0 -92.0 0.0 1.0
-68.0  8.0 -84.0 0.0 0.0
-60.0  8.0 -84.0 1.0 0.0
-68.0  8.0 -92.0 0.0 1.0
-60.0  8.0 -92.0 1.0 1.0
-60.0  8.0 -84.0 1.0 0.0


// Row 13

28.0  8.0 -100.0 0.0 1.0
28.0  8.0 -92.0  0.0 0.0
36.0  8.0 -92.0  1.0 0.0
28.0  8.0 -100.0 0.0 1.0
36.0  8.0 -100.0 1.0 1.0
36.0  8.0 -92.0  1.0 0.0

20.0  8.0 -100.0 0.0 1.0
20.0  8.0 -92.0  0.0 0.0
28.0  8.0 -92.0  1.0 0.0
20.0  8.0 -100.0 0.0 1.0
28.0  8.0 -100.0 1.0 1.0
28.0  8.0 -92.0  1.0 0.0

12.0  8.0 -100.0 0.0 1.0
12.0  8.0 -92.0  0.0 0.0
20.0  8.0 -92.0  1.0 0.0
12.0  8.0 -100.0 0.0 1.0
20.0  8.0 -100.0 1.0 1.0
20.0  8.0 -92.0  1.0 0.0

 4.0  8.0 -100.0 0.0 1.0
 4.0  8.0 -92.0  0.0 0.0
12.0  8.0 -92.0  1.0 0.0
 4.0  8.0 -100.0 0.0 1.0
12.0  8.0 -100.0 1.0 1.0
12.0  8.0 -92.0  1.0 0.0

-4.0  8.0 -100.0 0.0 1.0
-4.0  8.0 -92.0  0.0 0.0
 4.0  8.0 -92.0  1.0 0.0
-4.0  8.0 -100.0 0.0 1.0
 4.0  8.0 -100.0 1.0 1.0
 4.0  8.0 -92.0  1.0 0.0
 
-12.0  8.0 -100.0 0.0 1.0
-12.0  8.0 -92.0  0.0 0.0
 -4.0  8.0 -92.0  1.0 0.0
-12.0  8.0 -100.0 0.0 1.0
 -4.0  8.0 -100.0 1.0 1.0
 -4.0  8.0 -92.0  1.0 0.0
 
-20.0  8.0 -100.0 0.0 1.0
-20.0  8.0 -92.0  0.0 0.0
-12.0  8.0 -92.0  1.0 0.0
-20.0  8.0 -100.0 0.0 1.0
-12.0  8.0 -100.0 1.0 1.0
-12.0  8.0 -92.0  1.0 0.0

//stena

-36.0  8.0 -100.0 0.0 1.0
-36.0  8.0 -92.0  0.0 0.0
-28.0  8.0 -92.0  1.0 0.0
-36.0  8.0 -100.0 0.0 1.0
-28.0  8.0 -100.0 1.0 1.0
-28.0  8.0 -92.0  1.0 0.0

-44.0  8.0 -100.0 0.0 1.0
-44.0  8.0 -92.0  0.0 0.0
-36.0  8.0 -92.0  1.0 0.0
-44.0  8.0 -100.0 0.0 1.0
-36.0  8.0 -100.0 1.0 1.0
-36.0  8.0 -92.0  1.0 0.0

-52.0  8.0 -100.0 0.0 1.0
-52.0  8.0 -92.0  0.0 0.0
-44.0  8.0 -92.0  1.0 0.0
-52.0  8.0 -100.0 0.0 1.0
-44.0  8.0 -100.0 1.0 1.0
-44.0  8.0 -92.0  1.0 0.0

//stena

-68.0  8.0 -100.0 0.0 1.0
-68.0  8.0 -92.0  0.0 0.0
-60.0  8.0 -92.0  1.0 0.0
-68.0  8.0 -100.0 0.0 1.0
-60.0  8.0 -100.0 1.0 1.0
-60.0  8.0 -92.0  1.0 0.0


// Row 14

28.0  8.0 -108.0 0.0 1.0
28.0  8.0 -100.0 0.0 0.0
36.0  8.0 -100.0 1.0 0.0
28.0  8.0 -108.0 0.0 1.0
36.0  8.0 -108.0 1.0 1.0
36.0  8.0 -100.0 1.0 0.0

//stena
//stena
//stena
//stena
//stena
 
-20.0  8.0 -108.0 0.0 1.0
-20.0  8.0 -100.0 0.0 0.0
-12.0  8.0 -100.0 1.0 0.0
-20.0  8.0 -108.0 0.0 1.0
-12.0  8.0 -108.0 1.0 1.0
-12.0  8.0 -100.0 1.0 0.0

//stena

-36.0  8.0 -108.0 0.0 1.0
-36.0  8.0 -100.0 0.0 0.0
-28.0  8.0 -100.0 1.0 0.0
-36.0  8.0 -108.0 0.0 1.0
-28.0  8.0 -108.0 1.0 1.0
-28.0  8.0 -100.0 1.0 0.0

//stena
//stena
//stena

-68.0  8.0 -108.0 0.0 1.0
-68.0  8.0 -100.0 0.0 0.0
-60.0  8.0 -100.0 1.0 0.0
-68.0  8.0 -108.0 0.0 1.0
-60.0  8.0 -108.0 1.0 1.0
-60.0  8.0 -100.0 1.0 0.0


// Row 15

28.0  8.0 -116.0 0.0 1.0
28.0  8.0 -108.0 0.0 0.0
36.0  8.0 -108.0 1.0 0.0
28.0  8.0 -116.0 0.0 1.0
36.0  8.0 -116.0 1.0 1.0
36.0  8.0 -108.0 1.0 0.0

20.0  8.0 -116.0 0.0 1.0
20.0  8.0 -108.0 0.0 0.0
28.0  8.0 -108.0 1.0 0.0
20.0  8.0 -116.0 0.0 1.0
28.0  8.0 -116.0 1.0 1.0
28.0  8.0 -108.0 1.0 0.0

12.0  8.0 -116.0 0.0 1.0
12.0  8.0 -108.0 0.0 0.0
20.0  8.0 -108.0 1.0 0.0
12.0  8.0 -116.0 0.0 1.0
20.0  8.0 -116.0 1.0 1.0
20.0  8.0 -108.0 1.0 0.0

 4.0  8.0 -116.0 0.0 1.0
 4.0  8.0 -108.0 0.0 0.0
12.0  8.0 -108.0 1.0 0.0
 4.0  8.0 -116.0 0.0 1.0
12.0  8.0 -116.0 1.0 1.0
12.0  8.0 -108.0 1.0 0.0

-4.0  8.0 -116.0 0.0 1.0
-4.0  8.0 -108.0 0.0 0.0
 4.0  8.0 -108.0 1.0 0.0
-4.0  8.0 -116.0 0.0 1.0
 4.0  8.0 -116.0 1.0 1.0
 4.0  8.0 -108.0 1.0 0.0
 
//stena
 
-20.0  8.0 -116.0 0.0 1.0
-20.0  8.0 -108.0 0.0 0.0
-12.0  8.0 -108.0 1.0 0.0
-20.0  8.0 -116.0 0.0 1.0
-12.0  8.0 -116.0 1.0 1.0
-12.0  8.0 -108.0 1.0 0.0

//stena

-36.0  8.0 -116.0 0.0 1.0
-36.0  8.0 -108.0 0.0 0.0
-28.0  8.0 -108.0 1.0 0.0
-36.0  8.0 -116.0 0.0 1.0
-28.0  8.0 -116.0 1.0 1.0
-28.0  8.0 -108.0 1.0 0.0

-44.0  8.0 -116.0 0.0 1.0
-44.0  8.0 -108.0 0.0 0.0
-36.0  8.0 -108.0 1.0 0.0
-44.0  8.0 -116.0 0.0 1.0
-36.0  8.0 -116.0 1.0 1.0
-36.0  8.0 -108.0 1.0 0.0

-52.0  8.0 -116.0 0.0 1.0
-52.0  8.0 -108.0 0.0 0.0
-44.0  8.0 -108.0 1.0 0.0
-52.0  8.0 -116.0 0.0 1.0
-44.0  8.0 -116.0 1.0 1.0
-44.0  8.0 -108.0 1.0 0.0

-60.0  8.0 -116.0 0.0 1.0
-60.0  8.0 -108.0 0.0 0.0
-52.0  8.0 -108.0 1.0 0.0
-60.0  8.0 -116.0 0.0 1.0
-52.0  8.0 -116.0 1.0 1.0
-52.0  8.0 -108.0 1.0 0.0

-68.0  8.0 -116.0 0.0 1.0
-68.0  8.0 -108.0 0.0 0.0
-60.0  8.0 -108.0 1.0 0.0
-68.0  8.0 -116.0 0.0 1.0
-60.0  8.0 -116.0 1.0 1.0
-60.0  8.0 -108.0 1.0 0.0