// WALLS Z


// Row 0

28.0  8.0 4.0 0.0 1.0
28.0  0.0 4.0 0.0 0.0
36.0  0.0 4.0 1.0 0.0
28.0  8.0 4.0 0.0 1.0
36.0  8.0 4.0 1.0 1.0
36.0  0.0 4.0 1.0 0.0

20.0  8.0 4.0 0.0 1.0
20.0  0.0 4.0 0.0 0.0
28.0  0.0 4.0 1.0 0.0
20.0  8.0 4.0 0.0 1.0
28.0  8.0 4.0 1.0 1.0
28.0  0.0 4.0 1.0 0.0

12.0  8.0 4.0 0.0 1.0
12.0  0.0 4.0 0.0 0.0
20.0  0.0 4.0 1.0 0.0
12.0  8.0 4.0 0.0 1.0
20.0  8.0 4.0 1.0 1.0
20.0  0.0 4.0 1.0 0.0

//stena

-4.0  8.0 4.0 0.0 1.0
-4.0  0.0 4.0 0.0 0.0
 4.0  0.0 4.0 1.0 0.0
-4.0  8.0 4.0 0.0 1.0
 4.0  8.0 4.0 1.0 1.0
 4.0  0.0 4.0 1.0 0.0
 
-12.0  8.0 4.0 0.0 1.0
-12.0  0.0 4.0 0.0 0.0
 -4.0  0.0 4.0 1.0 0.0
-12.0  8.0 4.0 0.0 1.0
 -4.0  8.0 4.0 1.0 1.0
 -4.0  0.0 4.0 1.0 0.0
 
-20.0  8.0 4.0 0.0 1.0
-20.0  0.0 4.0 0.0 0.0
-12.0  0.0 4.0 1.0 0.0
-20.0  8.0 4.0 0.0 1.0
-12.0  8.0 4.0 1.0 1.0
-12.0  0.0 4.0 1.0 0.0

-28.0  8.0 4.0 0.0 1.0
-28.0  0.0 4.0 0.0 0.0
-20.0  0.0 4.0 1.0 0.0
-28.0  8.0 4.0 0.0 1.0
-20.0  8.0 4.0 1.0 1.0
-20.0  0.0 4.0 1.0 0.0

-36.0  8.0 4.0 0.0 1.0
-36.0  0.0 4.0 0.0 0.0
-28.0  0.0 4.0 1.0 0.0
-36.0  8.0 4.0 0.0 1.0
-28.0  8.0 4.0 1.0 1.0
-28.0  0.0 4.0 1.0 0.0

-44.0  8.0 4.0 0.0 1.0
-44.0  0.0 4.0 0.0 0.0
-36.0  0.0 4.0 1.0 0.0
-44.0  8.0 4.0 0.0 1.0
-36.0  8.0 4.0 1.0 1.0
-36.0  0.0 4.0 1.0 0.0

-52.0  8.0 4.0 0.0 1.0
-52.0  0.0 4.0 0.0 0.0
-44.0  0.0 4.0 1.0 0.0
-52.0  8.0 4.0 0.0 1.0
-44.0  8.0 4.0 1.0 1.0
-44.0  0.0 4.0 1.0 0.0

-60.0  8.0 4.0 0.0 1.0
-60.0  0.0 4.0 0.0 0.0
-52.0  0.0 4.0 1.0 0.0
-60.0  8.0 4.0 0.0 1.0
-52.0  8.0 4.0 1.0 1.0
-52.0  0.0 4.0 1.0 0.0

-68.0  8.0 4.0 0.0 1.0
-68.0  0.0 4.0 0.0 0.0
-60.0  0.0 4.0 1.0 0.0
-68.0  8.0 4.0 0.0 1.0
-60.0  8.0 4.0 1.0 1.0
-60.0  0.0 4.0 1.0 0.0


// Row 1

//ulica

20.0  8.0 -4.0 0.0 1.0
20.0  0.0 -4.0 0.0 0.0
28.0  0.0 -4.0 1.0 0.0
20.0  8.0 -4.0 0.0 1.0
28.0  8.0 -4.0 1.0 1.0
28.0  0.0 -4.0 1.0 0.0

//ulica
//stena
//ulica
 
-12.0  8.0 -4.0 0.0 1.0
-12.0  0.0 -4.0 0.0 0.0
 -4.0  0.0 -4.0 1.0 0.0
-12.0  8.0 -4.0 0.0 1.0
 -4.0  8.0 -4.0 1.0 1.0
 -4.0  0.0 -4.0 1.0 0.0
 
-20.0  8.0 -4.0 0.0 1.0
-20.0  0.0 -4.0 0.0 0.0
-12.0  0.0 -4.0 1.0 0.0
-20.0  8.0 -4.0 0.0 1.0
-12.0  8.0 -4.0 1.0 1.0
-12.0  0.0 -4.0 1.0 0.0

-28.0  8.0 -4.0 0.0 1.0
-28.0  0.0 -4.0 0.0 0.0
-20.0  0.0 -4.0 1.0 0.0
-28.0  8.0 -4.0 0.0 1.0
-20.0  8.0 -4.0 1.0 1.0
-20.0  0.0 -4.0 1.0 0.0

//ulica

-44.0  8.0 -4.0 0.0 1.0
-44.0  0.0 -4.0 0.0 0.0
-36.0  0.0 -4.0 1.0 0.0
-44.0  8.0 -4.0 0.0 1.0
-36.0  8.0 -4.0 1.0 1.0
-36.0  0.0 -4.0 1.0 0.0

-52.0  8.0 -4.0 0.0 1.0
-52.0  0.0 -4.0 0.0 0.0
-44.0  0.0 -4.0 1.0 0.0
-52.0  8.0 -4.0 0.0 1.0
-44.0  8.0 -4.0 1.0 1.0
-44.0  0.0 -4.0 1.0 0.0

-60.0  8.0 -4.0 0.0 1.0
-60.0  0.0 -4.0 0.0 0.0
-52.0  0.0 -4.0 1.0 0.0
-60.0  8.0 -4.0 0.0 1.0
-52.0  8.0 -4.0 1.0 1.0
-52.0  0.0 -4.0 1.0 0.0

//ulica


// Row 2

//ulica
//stena
//ulica
//stena
//ulica
//stena
 
-20.0  8.0 -12.0 0.0 1.0
-20.0  0.0 -12.0 0.0 0.0
-12.0  0.0 -12.0 1.0 0.0
-20.0  8.0 -12.0 0.0 1.0
-12.0  8.0 -12.0 1.0 1.0
-12.0  0.0 -12.0 1.0 0.0

//stena
//ulica
//stena

-52.0  8.0 -12.0 0.0 1.0
-52.0  0.0 -12.0 0.0 0.0
-44.0  0.0 -12.0 1.0 0.0
-52.0  8.0 -12.0 0.0 1.0
-44.0  8.0 -12.0 1.0 1.0
-44.0  0.0 -12.0 1.0 0.0

-60.0  8.0 -12.0 0.0 1.0
-60.0  0.0 -12.0 0.0 0.0
-52.0  0.0 -12.0 1.0 0.0
-60.0  8.0 -12.0 0.0 1.0
-52.0  8.0 -12.0 1.0 1.0
-52.0  0.0 -12.0 1.0 0.0

//ulica


// Row 3

//ulica
//stena
//ulica
//stena
//ulica
//stena
//ulica
//stena
//ulica
//stena

-52.0  8.0 -20.0 0.0 1.0
-52.0  0.0 -20.0 0.0 0.0
-44.0  0.0 -20.0 1.0 0.0
-52.0  8.0 -20.0 0.0 1.0
-44.0  8.0 -20.0 1.0 1.0
-44.0  0.0 -20.0 1.0 0.0

-60.0  8.0 -20.0 0.0 1.0
-60.0  0.0 -20.0 0.0 0.0
-52.0  0.0 -20.0 1.0 0.0
-60.0  8.0 -20.0 0.0 1.0
-52.0  8.0 -20.0 1.0 1.0
-52.0  0.0 -20.0 1.0 0.0

-68.0  8.0 -20.0 0.0 1.0
-68.0  0.0 -20.0 0.0 0.0
-60.0  0.0 -20.0 1.0 0.0
-68.0  8.0 -20.0 0.0 1.0
-60.0  8.0 -20.0 1.0 1.0
-60.0  0.0 -20.0 1.0 0.0


// Row 4

//ulica
//stena
//ulica

 4.0  8.0 -28.0 0.0 1.0
 4.0  0.0 -28.0 0.0 0.0
12.0  0.0 -28.0 1.0 0.0
 4.0  8.0 -28.0 0.0 1.0
12.0  8.0 -28.0 1.0 1.0
12.0  0.0 -28.0 1.0 0.0

//ulica
 
-12.0  8.0 -28.0 0.0 1.0
-12.0  0.0 -28.0 0.0 0.0
 -4.0  0.0 -28.0 1.0 0.0
-12.0  8.0 -28.0 0.0 1.0
 -4.0  8.0 -28.0 1.0 1.0
 -4.0  0.0 -28.0 1.0 0.0
 
//ulica

-28.0  8.0 -28.0 0.0 1.0
-28.0  0.0 -28.0 0.0 0.0
-20.0  0.0 -28.0 1.0 0.0
-28.0  8.0 -28.0 0.0 1.0
-20.0  8.0 -28.0 1.0 1.0
-20.0  0.0 -28.0 1.0 0.0

//ulica
//stena

-52.0  8.0 -28.0 0.0 1.0
-52.0  0.0 -28.0 0.0 0.0
-44.0  0.0 -28.0 1.0 0.0
-52.0  8.0 -28.0 0.0 1.0
-44.0  8.0 -28.0 1.0 1.0
-44.0  0.0 -28.0 1.0 0.0

-60.0  8.0 -28.0 0.0 1.0
-60.0  0.0 -28.0 0.0 0.0
-52.0  0.0 -28.0 1.0 0.0
-60.0  8.0 -28.0 0.0 1.0
-52.0  8.0 -28.0 1.0 1.0
-52.0  0.0 -28.0 1.0 0.0

-68.0  8.0 -28.0 0.0 1.0
-68.0  0.0 -28.0 0.0 0.0
-60.0  0.0 -28.0 1.0 0.0
-68.0  8.0 -28.0 0.0 1.0
-60.0  8.0 -28.0 1.0 1.0
-60.0  0.0 -28.0 1.0 0.0


// Row 5

//ulica
//stena

12.0  8.0 -36.0 0.0 1.0
12.0  0.0 -36.0 0.0 0.0
20.0  0.0 -36.0 1.0 0.0
12.0  8.0 -36.0 0.0 1.0
20.0  8.0 -36.0 1.0 1.0
20.0  0.0 -36.0 1.0 0.0

 4.0  8.0 -36.0 0.0 1.0
 4.0  0.0 -36.0 0.0 0.0
12.0  0.0 -36.0 1.0 0.0
 4.0  8.0 -36.0 0.0 1.0
12.0  8.0 -36.0 1.0 1.0
12.0  0.0 -36.0 1.0 0.0

-4.0  8.0 -36.0 0.0 1.0
-4.0  0.0 -36.0 0.0 0.0
 4.0  0.0 -36.0 1.0 0.0
-4.0  8.0 -36.0 0.0 1.0
 4.0  8.0 -36.0 1.0 1.0
 4.0  0.0 -36.0 1.0 0.0
 
-12.0  8.0 -36.0 0.0 1.0
-12.0  0.0 -36.0 0.0 0.0
 -4.0  0.0 -36.0 1.0 0.0
-12.0  8.0 -36.0 0.0 1.0
 -4.0  8.0 -36.0 1.0 1.0
 -4.0  0.0 -36.0 1.0 0.0
 
-20.0  8.0 -36.0 0.0 1.0
-20.0  0.0 -36.0 0.0 0.0
-12.0  0.0 -36.0 1.0 0.0
-20.0  8.0 -36.0 0.0 1.0
-12.0  8.0 -36.0 1.0 1.0
-12.0  0.0 -36.0 1.0 0.0

-28.0  8.0 -36.0 0.0 1.0
-28.0  0.0 -36.0 0.0 0.0
-20.0  0.0 -36.0 1.0 0.0
-28.0  8.0 -36.0 0.0 1.0
-20.0  8.0 -36.0 1.0 1.0
-20.0  0.0 -36.0 1.0 0.0

//ulica
//stena
//ulica

-60.0  8.0 -36.0 0.0 1.0
-60.0  0.0 -36.0 0.0 0.0
-52.0  0.0 -36.0 1.0 0.0
-60.0  8.0 -36.0 0.0 1.0
-52.0  8.0 -36.0 1.0 1.0
-52.0  0.0 -36.0 1.0 0.0

//ulica


// Row 6

//ulica

20.0  8.0 -44.0 0.0 1.0
20.0  0.0 -44.0 0.0 0.0
28.0  0.0 -44.0 1.0 0.0
20.0  8.0 -44.0 0.0 1.0
28.0  8.0 -44.0 1.0 1.0
28.0  0.0 -44.0 1.0 0.0

12.0  8.0 -44.0 0.0 1.0
12.0  0.0 -44.0 0.0 0.0
20.0  0.0 -44.0 1.0 0.0
12.0  8.0 -44.0 0.0 1.0
20.0  8.0 -44.0 1.0 1.0
20.0  0.0 -44.0 1.0 0.0

 4.0  8.0 -44.0 0.0 1.0
 4.0  0.0 -44.0 0.0 0.0
12.0  0.0 -44.0 1.0 0.0
 4.0  8.0 -44.0 0.0 1.0
12.0  8.0 -44.0 1.0 1.0
12.0  0.0 -44.0 1.0 0.0

-4.0  8.0 -44.0 0.0 1.0
-4.0  0.0 -44.0 0.0 0.0
 4.0  0.0 -44.0 1.0 0.0
-4.0  8.0 -44.0 0.0 1.0
 4.0  8.0 -44.0 1.0 1.0
 4.0  0.0 -44.0 1.0 0.0
 
-12.0  8.0 -44.0 0.0 1.0
-12.0  0.0 -44.0 0.0 0.0
 -4.0  0.0 -44.0 1.0 0.0
-12.0  8.0 -44.0 0.0 1.0
 -4.0  8.0 -44.0 1.0 1.0
 -4.0  0.0 -44.0 1.0 0.0
 
-20.0  8.0 -44.0 0.0 1.0
-20.0  0.0 -44.0 0.0 0.0
-12.0  0.0 -44.0 1.0 0.0
-20.0  8.0 -44.0 0.0 1.0
-12.0  8.0 -44.0 1.0 1.0
-12.0  0.0 -44.0 1.0 0.0

-28.0  8.0 -44.0 0.0 1.0
-28.0  0.0 -44.0 0.0 0.0
-20.0  0.0 -44.0 1.0 0.0
-28.0  8.0 -44.0 0.0 1.0
-20.0  8.0 -44.0 1.0 1.0
-20.0  0.0 -44.0 1.0 0.0

//ulica
//stena
//ulica
//stena
//ulica


// Row 7

28.0  8.0 -52.0 0.0 1.0
28.0  0.0 -52.0 0.0 0.0
36.0  0.0 -52.0 1.0 0.0
28.0  8.0 -52.0 0.0 1.0
36.0  8.0 -52.0 1.0 1.0
36.0  0.0 -52.0 1.0 0.0

20.0  8.0 -52.0 0.0 1.0
20.0  0.0 -52.0 0.0 0.0
28.0  0.0 -52.0 1.0 0.0
20.0  8.0 -52.0 0.0 1.0
28.0  8.0 -52.0 1.0 1.0
28.0  0.0 -52.0 1.0 0.0

12.0  8.0 -52.0 0.0 1.0
12.0  0.0 -52.0 0.0 0.0
20.0  0.0 -52.0 1.0 0.0
12.0  8.0 -52.0 0.0 1.0
20.0  8.0 -52.0 1.0 1.0
20.0  0.0 -52.0 1.0 0.0

 4.0  8.0 -52.0 0.0 1.0
 4.0  0.0 -52.0 0.0 0.0
12.0  0.0 -52.0 1.0 0.0
 4.0  8.0 -52.0 0.0 1.0
12.0  8.0 -52.0 1.0 1.0
12.0  0.0 -52.0 1.0 0.0

-4.0  8.0 -52.0 0.0 1.0
-4.0  0.0 -52.0 0.0 0.0
 4.0  0.0 -52.0 1.0 0.0
-4.0  8.0 -52.0 0.0 1.0
 4.0  8.0 -52.0 1.0 1.0
 4.0  0.0 -52.0 1.0 0.0
 
-12.0  8.0 -52.0 0.0 1.0
-12.0  0.0 -52.0 0.0 0.0
 -4.0  0.0 -52.0 1.0 0.0
-12.0  8.0 -52.0 0.0 1.0
 -4.0  8.0 -52.0 1.0 1.0
 -4.0  0.0 -52.0 1.0 0.0
 
//ulica
//ulica
//ulica
//stena

-52.0  8.0 -52.0 0.0 1.0
-52.0  0.0 -52.0 0.0 0.0
-44.0  0.0 -52.0 1.0 0.0
-52.0  8.0 -52.0 0.0 1.0
-44.0  8.0 -52.0 1.0 1.0
-44.0  0.0 -52.0 1.0 0.0

//stena
//ulica


// Row 8

28.0  8.0 -60.0 0.0 1.0
28.0  0.0 -60.0 0.0 0.0
36.0  0.0 -60.0 1.0 0.0
28.0  8.0 -60.0 0.0 1.0
36.0  8.0 -60.0 1.0 1.0
36.0  0.0 -60.0 1.0 0.0

20.0  8.0 -60.0 0.0 1.0
20.0  0.0 -60.0 0.0 0.0
28.0  0.0 -60.0 1.0 0.0
20.0  8.0 -60.0 0.0 1.0
28.0  8.0 -60.0 1.0 1.0
28.0  0.0 -60.0 1.0 0.0

12.0  8.0 -60.0 0.0 1.0
12.0  0.0 -60.0 0.0 0.0
20.0  0.0 -60.0 1.0 0.0
12.0  8.0 -60.0 0.0 1.0
20.0  8.0 -60.0 1.0 1.0
20.0  0.0 -60.0 1.0 0.0

 4.0  8.0 -60.0 0.0 1.0
 4.0  0.0 -60.0 0.0 0.0
12.0  0.0 -60.0 1.0 0.0
 4.0  8.0 -60.0 0.0 1.0
12.0  8.0 -60.0 1.0 1.0
12.0  0.0 -60.0 1.0 0.0

-4.0  8.0 -60.0 0.0 1.0
-4.0  0.0 -60.0 0.0 0.0
 4.0  0.0 -60.0 1.0 0.0
-4.0  8.0 -60.0 0.0 1.0
 4.0  8.0 -60.0 1.0 1.0
 4.0  0.0 -60.0 1.0 0.0
 
-12.0  8.0 -60.0 0.0 1.0
-12.0  0.0 -60.0 0.0 0.0
 -4.0  0.0 -60.0 1.0 0.0
-12.0  8.0 -60.0 0.0 1.0
 -4.0  8.0 -60.0 1.0 1.0
 -4.0  0.0 -60.0 1.0 0.0
 
//ulica
//ulica
//ulica

-44.0  8.0 -60.0 0.0 1.0
-44.0  0.0 -60.0 0.0 0.0
-36.0  0.0 -60.0 1.0 0.0
-44.0  8.0 -60.0 0.0 1.0
-36.0  8.0 -60.0 1.0 1.0
-36.0  0.0 -60.0 1.0 0.0

-52.0  8.0 -60.0 0.0 1.0
-52.0  0.0 -60.0 0.0 0.0
-44.0  0.0 -60.0 1.0 0.0
-52.0  8.0 -60.0 0.0 1.0
-44.0  8.0 -60.0 1.0 1.0
-44.0  0.0 -60.0 1.0 0.0

-60.0  8.0 -60.0 0.0 1.0
-60.0  0.0 -60.0 0.0 0.0
-52.0  0.0 -60.0 1.0 0.0
-60.0  8.0 -60.0 0.0 1.0
-52.0  8.0 -60.0 1.0 1.0
-52.0  0.0 -60.0 1.0 0.0

//ulica


// Row 9

//ulica

20.0  8.0 -68.0 0.0 1.0
20.0  0.0 -68.0 0.0 0.0
28.0  0.0 -68.0 1.0 0.0
20.0  8.0 -68.0 0.0 1.0
28.0  8.0 -68.0 1.0 1.0
28.0  0.0 -68.0 1.0 0.0

12.0  8.0 -68.0 0.0 1.0
12.0  0.0 -68.0 0.0 0.0
20.0  0.0 -68.0 1.0 0.0
12.0  8.0 -68.0 0.0 1.0
20.0  8.0 -68.0 1.0 1.0
20.0  0.0 -68.0 1.0 0.0

 4.0  8.0 -68.0 0.0 1.0
 4.0  0.0 -68.0 0.0 0.0
12.0  0.0 -68.0 1.0 0.0
 4.0  8.0 -68.0 0.0 1.0
12.0  8.0 -68.0 1.0 1.0
12.0  0.0 -68.0 1.0 0.0

-4.0  8.0 -68.0 0.0 1.0
-4.0  0.0 -68.0 0.0 0.0
 4.0  0.0 -68.0 1.0 0.0
-4.0  8.0 -68.0 0.0 1.0
 4.0  8.0 -68.0 1.0 1.0
 4.0  0.0 -68.0 1.0 0.0
 
-12.0  8.0 -68.0 0.0 1.0
-12.0  0.0 -68.0 0.0 0.0
 -4.0  0.0 -68.0 1.0 0.0
-12.0  8.0 -68.0 0.0 1.0
 -4.0  8.0 -68.0 1.0 1.0
 -4.0  0.0 -68.0 1.0 0.0
 
-20.0  8.0 -68.0 0.0 1.0
-20.0  0.0 -68.0 0.0 0.0
-12.0  0.0 -68.0 1.0 0.0
-20.0  8.0 -68.0 0.0 1.0
-12.0  8.0 -68.0 1.0 1.0
-12.0  0.0 -68.0 1.0 0.0

-28.0  8.0 -68.0 0.0 1.0
-28.0  0.0 -68.0 0.0 0.0
-20.0  0.0 -68.0 1.0 0.0
-28.0  8.0 -68.0 0.0 1.0
-20.0  8.0 -68.0 1.0 1.0
-20.0  0.0 -68.0 1.0 0.0

-36.0  8.0 -68.0 0.0 1.0
-36.0  0.0 -68.0 0.0 0.0
-28.0  0.0 -68.0 1.0 0.0
-36.0  8.0 -68.0 0.0 1.0
-28.0  8.0 -68.0 1.0 1.0
-28.0  0.0 -68.0 1.0 0.0

-44.0  8.0 -68.0 0.0 1.0
-44.0  0.0 -68.0 0.0 0.0
-36.0  0.0 -68.0 1.0 0.0
-44.0  8.0 -68.0 0.0 1.0
-36.0  8.0 -68.0 1.0 1.0
-36.0  0.0 -68.0 1.0 0.0

//ulica

-60.0  8.0 -68.0 0.0 1.0
-60.0  0.0 -68.0 0.0 0.0
-52.0  0.0 -68.0 1.0 0.0
-60.0  8.0 -68.0 0.0 1.0
-52.0  8.0 -68.0 1.0 1.0
-52.0  0.0 -68.0 1.0 0.0

-68.0  8.0 -68.0 0.0 1.0
-68.0  0.0 -68.0 0.0 0.0
-60.0  0.0 -68.0 1.0 0.0
-68.0  8.0 -68.0 0.0 1.0
-60.0  8.0 -68.0 1.0 1.0
-60.0  0.0 -68.0 1.0 0.0


// Row 10

//ulica

20.0  8.0 -76.0 0.0 1.0
20.0  0.0 -76.0 0.0 0.0
28.0  0.0 -76.0 1.0 0.0
20.0  8.0 -76.0 0.0 1.0
28.0  8.0 -76.0 1.0 1.0
28.0  0.0 -76.0 1.0 0.0

12.0  8.0 -76.0 0.0 1.0
12.0  0.0 -76.0 0.0 0.0
20.0  0.0 -76.0 1.0 0.0
12.0  8.0 -76.0 0.0 1.0
20.0  8.0 -76.0 1.0 1.0
20.0  0.0 -76.0 1.0 0.0

 4.0  8.0 -76.0 0.0 1.0
 4.0  0.0 -76.0 0.0 0.0
12.0  0.0 -76.0 1.0 0.0
 4.0  8.0 -76.0 0.0 1.0
12.0  8.0 -76.0 1.0 1.0
12.0  0.0 -76.0 1.0 0.0

-4.0  8.0 -76.0 0.0 1.0
-4.0  0.0 -76.0 0.0 0.0
 4.0  0.0 -76.0 1.0 0.0
-4.0  8.0 -76.0 0.0 1.0
 4.0  8.0 -76.0 1.0 1.0
 4.0  0.0 -76.0 1.0 0.0
 
-12.0  8.0 -76.0 0.0 1.0
-12.0  0.0 -76.0 0.0 0.0
 -4.0  0.0 -76.0 1.0 0.0
-12.0  8.0 -76.0 0.0 1.0
 -4.0  8.0 -76.0 1.0 1.0
 -4.0  0.0 -76.0 1.0 0.0
 
-20.0  8.0 -76.0 0.0 1.0
-20.0  0.0 -76.0 0.0 0.0
-12.0  0.0 -76.0 1.0 0.0
-20.0  8.0 -76.0 0.0 1.0
-12.0  8.0 -76.0 1.0 1.0
-12.0  0.0 -76.0 1.0 0.0

-28.0  8.0 -76.0 0.0 1.0
-28.0  0.0 -76.0 0.0 0.0
-20.0  0.0 -76.0 1.0 0.0
-28.0  8.0 -76.0 0.0 1.0
-20.0  8.0 -76.0 1.0 1.0
-20.0  0.0 -76.0 1.0 0.0

-36.0  8.0 -76.0 0.0 1.0
-36.0  0.0 -76.0 0.0 0.0
-28.0  0.0 -76.0 1.0 0.0
-36.0  8.0 -76.0 0.0 1.0
-28.0  8.0 -76.0 1.0 1.0
-28.0  0.0 -76.0 1.0 0.0

-44.0  8.0 -76.0 0.0 1.0
-44.0  0.0 -76.0 0.0 0.0
-36.0  0.0 -76.0 1.0 0.0
-44.0  8.0 -76.0 0.0 1.0
-36.0  8.0 -76.0 1.0 1.0
-36.0  0.0 -76.0 1.0 0.0

//ulica
//stena

-68.0  8.0 -76.0 0.0 1.0
-68.0  0.0 -76.0 0.0 0.0
-60.0  0.0 -76.0 1.0 0.0
-68.0  8.0 -76.0 0.0 1.0
-60.0  8.0 -76.0 1.0 1.0
-60.0  0.0 -76.0 1.0 0.0


// Row 11

//ulica
//ulica
//ulica

 4.0  8.0 -84 0.0 1.0
 4.0  0.0 -84 0.0 0.0
12.0  0.0 -84 1.0 0.0
 4.0  8.0 -84 0.0 1.0
12.0  8.0 -84 1.0 1.0
12.0  0.0 -84 1.0 0.0

-4.0  8.0 -84 0.0 1.0
-4.0  0.0 -84 0.0 0.0
 4.0  0.0 -84 1.0 0.0
-4.0  8.0 -84 0.0 1.0
 4.0  8.0 -84 1.0 1.0
 4.0  0.0 -84 1.0 0.0
 
-12.0  8.0 -84 0.0 1.0
-12.0  0.0 -84 0.0 0.0
 -4.0  0.0 -84 1.0 0.0
-12.0  8.0 -84 0.0 1.0
 -4.0  8.0 -84 1.0 1.0
 -4.0  0.0 -84 1.0 0.0
 
-20.0  8.0 -84 0.0 1.0
-20.0  0.0 -84 0.0 0.0
-12.0  0.0 -84 1.0 0.0
-20.0  8.0 -84 0.0 1.0
-12.0  8.0 -84 1.0 1.0
-12.0  0.0 -84 1.0 0.0

-28.0  8.0 -84 0.0 1.0
-28.0  0.0 -84 0.0 0.0
-20.0  0.0 -84 1.0 0.0
-28.0  8.0 -84 0.0 1.0
-20.0  8.0 -84 1.0 1.0
-20.0  0.0 -84 1.0 0.0

//ulica
//ulica
//ulica
//stena
//ulica


// Row 12

//ulica
//ulica
//ulica

 4.0  8.0 -92.0 0.0 1.0
 4.0  0.0 -92.0 0.0 0.0
12.0  0.0 -92.0 1.0 0.0
 4.0  8.0 -92.0 0.0 1.0
12.0  8.0 -92.0 1.0 1.0
12.0  0.0 -92.0 1.0 0.0

-4.0  8.0 -92.0 0.0 1.0
-4.0  0.0 -92.0 0.0 0.0
 4.0  0.0 -92.0 1.0 0.0
-4.0  8.0 -92.0 0.0 1.0
 4.0  8.0 -92.0 1.0 1.0
 4.0  0.0 -92.0 1.0 0.0
 
-12.0  8.0 -92.0 0.0 1.0
-12.0  0.0 -92.0 0.0 0.0
 -4.0  0.0 -92.0 1.0 0.0
-12.0  8.0 -92.0 0.0 1.0
 -4.0  8.0 -92.0 1.0 1.0
 -4.0  0.0 -92.0 1.0 0.0
 
-20.0  8.0 -92.0 0.0 1.0
-20.0  0.0 -92.0 0.0 0.0
-12.0  0.0 -92.0 1.0 0.0
-20.0  8.0 -92.0 0.0 1.0
-12.0  8.0 -92.0 1.0 1.0
-12.0  0.0 -92.0 1.0 0.0

//stena
//ulica
//ulica
//ulica
//stena
//ulica


// Row 13

//ulica

20.0  8.0 -100.0 0.0 1.0
20.0  0.0 -100.0 0.0 0.0
28.0  0.0 -100.0 1.0 0.0
20.0  8.0 -100.0 0.0 1.0
28.0  8.0 -100.0 1.0 1.0
28.0  0.0 -100.0 1.0 0.0

12.0  8.0 -100.0 0.0 1.0
12.0  0.0 -100.0 0.0 0.0
20.0  0.0 -100.0 1.0 0.0
12.0  8.0 -100.0 0.0 1.0
20.0  8.0 -100.0 1.0 1.0
20.0  0.0 -100.0 1.0 0.0

 4.0  8.0 -100.0 0.0 1.0
 4.0  0.0 -100.0 0.0 0.0
12.0  0.0 -100.0 1.0 0.0
 4.0  8.0 -100.0 0.0 1.0
12.0  8.0 -100.0 1.0 1.0
12.0  0.0 -100.0 1.0 0.0

-4.0  8.0 -100.0 0.0 1.0
-4.0  0.0 -100.0 0.0 0.0
 4.0  0.0 -100.0 1.0 0.0
-4.0  8.0 -100.0 0.0 1.0
 4.0  8.0 -100.0 1.0 1.0
 4.0  0.0 -100.0 1.0 0.0
 
-12.0  8.0 -100.0 0.0 1.0
-12.0  0.0 -100.0 0.0 0.0
 -4.0  0.0 -100.0 1.0 0.0
-12.0  8.0 -100.0 0.0 1.0
 -4.0  8.0 -100.0 1.0 1.0
 -4.0  0.0 -100.0 1.0 0.0
 
//ulica
//stena
//ulica

-44.0  8.0 -100.0 0.0 1.0
-44.0  0.0 -100.0 0.0 0.0
-36.0  0.0 -100.0 1.0 0.0
-44.0  8.0 -100.0 0.0 1.0
-36.0  8.0 -100.0 1.0 1.0
-36.0  0.0 -100.0 1.0 0.0

-52.0  8.0 -100.0 0.0 1.0
-52.0  0.0 -100.0 0.0 0.0
-44.0  0.0 -100.0 1.0 0.0
-52.0  8.0 -100.0 0.0 1.0
-44.0  8.0 -100.0 1.0 1.0
-44.0  0.0 -100.0 1.0 0.0

//stena
//ulica


// Row 14

//ulica

20.0  8.0 -108.0 0.0 1.0
20.0  0.0 -108.0 0.0 0.0
28.0  0.0 -108.0 1.0 0.0
20.0  8.0 -108.0 0.0 1.0
28.0  8.0 -108.0 1.0 1.0
28.0  0.0 -108.0 1.0 0.0

12.0  8.0 -108.0 0.0 1.0
12.0  0.0 -108.0 0.0 0.0
20.0  0.0 -108.0 1.0 0.0
12.0  8.0 -108.0 0.0 1.0
20.0  8.0 -108.0 1.0 1.0
20.0  0.0 -108.0 1.0 0.0

 4.0  8.0 -108.0 0.0 1.0
 4.0  0.0 -108.0 0.0 0.0
12.0  0.0 -108.0 1.0 0.0
 4.0  8.0 -108.0 0.0 1.0
12.0  8.0 -108.0 1.0 1.0
12.0  0.0 -108.0 1.0 0.0

-4.0  8.0 -108.0 0.0 1.0
-4.0  0.0 -108.0 0.0 0.0
 4.0  0.0 -108.0 1.0 0.0
-4.0  8.0 -108.0 0.0 1.0
 4.0  8.0 -108.0 1.0 1.0
 4.0  0.0 -108.0 1.0 0.0
 
//stena 
//ulica
//stena
//ulica

-44.0  8.0 -108.0 0.0 1.0
-44.0  0.0 -108.0 0.0 0.0
-36.0  0.0 -108.0 1.0 0.0
-44.0  8.0 -108.0 0.0 1.0
-36.0  8.0 -108.0 1.0 1.0
-36.0  0.0 -108.0 1.0 0.0

-52.0  8.0 -108.0 0.0 1.0
-52.0  0.0 -108.0 0.0 0.0
-44.0  0.0 -108.0 1.0 0.0
-52.0  8.0 -108.0 0.0 1.0
-44.0  8.0 -108.0 1.0 1.0
-44.0  0.0 -108.0 1.0 0.0

-60.0  8.0 -108.0 0.0 1.0
-60.0  0.0 -108.0 0.0 0.0
-52.0  0.0 -108.0 1.0 0.0
-60.0  8.0 -108.0 0.0 1.0
-52.0  8.0 -108.0 1.0 1.0
-52.0  0.0 -108.0 1.0 0.0

//ulica


// Row 15

28.0  8.0 -116.0 0.0 1.0
28.0  0.0 -116.0 0.0 0.0
36.0  0.0 -116.0 1.0 0.0
28.0  8.0 -116.0 0.0 1.0
36.0  8.0 -116.0 1.0 1.0
36.0  0.0 -116.0 1.0 0.0

20.0  8.0 -116.0 0.0 1.0
20.0  0.0 -116.0 0.0 0.0
28.0  0.0 -116.0 1.0 0.0
20.0  8.0 -116.0 0.0 1.0
28.0  8.0 -116.0 1.0 1.0
28.0  0.0 -116.0 1.0 0.0

12.0  8.0 -116.0 0.0 1.0
12.0  0.0 -116.0 0.0 0.0
20.0  0.0 -116.0 1.0 0.0
12.0  8.0 -116.0 0.0 1.0
20.0  8.0 -116.0 1.0 1.0
20.0  0.0 -116.0 1.0 0.0

 4.0  8.0 -116.0 0.0 1.0
 4.0  0.0 -116.0 0.0 0.0
12.0  0.0 -116.0 1.0 0.0
 4.0  8.0 -116.0 0.0 1.0
12.0  8.0 -116.0 1.0 1.0
12.0  0.0 -116.0 1.0 0.0

-4.0  8.0 -116.0 0.0 1.0
-4.0  0.0 -116.0 0.0 0.0
 4.0  0.0 -116.0 1.0 0.0
-4.0  8.0 -116.0 0.0 1.0
 4.0  8.0 -116.0 1.0 1.0
 4.0  0.0 -116.0 1.0 0.0
 
//stena
 
-20.0  8.0 -116.0 0.0 1.0
-20.0  0.0 -116.0 0.0 0.0
-12.0  0.0 -116.0 1.0 0.0
-20.0  8.0 -116.0 0.0 1.0
-12.0  8.0 -116.0 1.0 1.0
-12.0  0.0 -116.0 1.0 0.0

//stena

-36.0  8.0 -116.0 0.0 1.0
-36.0  0.0 -116.0 0.0 0.0
-28.0  0.0 -116.0 1.0 0.0
-36.0  8.0 -116.0 0.0 1.0
-28.0  8.0 -116.0 1.0 1.0
-28.0  0.0 -116.0 1.0 0.0

-44.0  8.0 -116.0 0.0 1.0
-44.0  0.0 -116.0 0.0 0.0
-36.0  0.0 -116.0 1.0 0.0
-44.0  8.0 -116.0 0.0 1.0
-36.0  8.0 -116.0 1.0 1.0
-36.0  0.0 -116.0 1.0 0.0

-52.0  8.0 -116.0 0.0 1.0
-52.0  0.0 -116.0 0.0 0.0
-44.0  0.0 -116.0 1.0 0.0
-52.0  8.0 -116.0 0.0 1.0
-44.0  8.0 -116.0 1.0 1.0
-44.0  0.0 -116.0 1.0 0.0

-60.0  8.0 -116.0 0.0 1.0
-60.0  0.0 -116.0 0.0 0.0
-52.0  0.0 -116.0 1.0 0.0
-60.0  8.0 -116.0 0.0 1.0
-52.0  8.0 -116.0 1.0 1.0
-52.0  0.0 -116.0 1.0 0.0

-68.0  8.0 -116.0 0.0 1.0
-68.0  0.0 -116.0 0.0 0.0
-60.0  0.0 -116.0 1.0 0.0
-68.0  8.0 -116.0 0.0 1.0
-60.0  8.0 -116.0 1.0 1.0
-60.0  0.0 -116.0 1.0 0.0




// WALLS X


// Column 0

36.0  8.0 -4.0 0.0 1.0
36.0  0.0 -4.0 0.0 0.0
36.0  0.0  4.0 1.0 0.0
36.0  8.0 -4.0 0.0 1.0
36.0  0.0  4.0 1.0 0.0
36.0  8.0  4.0 1.0 1.0

36.0  8.0 -12.0 0.0 1.0
36.0  0.0 -12.0 0.0 0.0
36.0  0.0  -4.0 1.0 0.0
36.0  8.0 -12.0 0.0 1.0
36.0  0.0  -4.0 1.0 0.0
36.0  8.0  -4.0 1.0 1.0

36.0  8.0 -20.0 0.0 1.0
36.0  0.0 -20.0 0.0 0.0
36.0  0.0 -12.0 1.0 0.0
36.0  8.0 -20.0 0.0 1.0
36.0  0.0 -12.0 1.0 0.0
36.0  8.0 -12.0 1.0 1.0

36.0  8.0 -28.0 0.0 1.0
36.0  0.0 -28.0 0.0 0.0
36.0  0.0 -20.0 1.0 0.0
36.0  8.0 -28.0 0.0 1.0
36.0  0.0 -20.0 1.0 0.0
36.0  8.0 -20.0 1.0 1.0

36.0  8.0 -36.0 0.0 1.0
36.0  0.0 -36.0 0.0 0.0
36.0  0.0 -28.0 1.0 0.0
36.0  8.0 -36.0 0.0 1.0
36.0  0.0 -28.0 1.0 0.0
36.0  8.0 -28.0 1.0 1.0

36.0  8.0 -44.0 0.0 1.0
36.0  0.0 -44.0 0.0 0.0
36.0  0.0 -36.0 1.0 0.0
36.0  8.0 -44.0 0.0 1.0
36.0  0.0 -36.0 1.0 0.0
36.0  8.0 -36.0 1.0 1.0

36.0  8.0 -52.0 0.0 1.0
36.0  0.0 -52.0 0.0 0.0
36.0  0.0 -44.0 1.0 0.0
36.0  8.0 -52.0 0.0 1.0
36.0  0.0 -44.0 1.0 0.0
36.0  8.0 -44.0 1.0 1.0

//stena

36.0  8.0 -68.0 0.0 1.0
36.0  0.0 -68.0 0.0 0.0
36.0  0.0 -60.0 1.0 0.0
36.0  8.0 -68.0 0.0 1.0
36.0  0.0 -60.0 1.0 0.0
36.0  8.0 -60.0 1.0 1.0

36.0  8.0 -76.0 0.0 1.0
36.0  0.0 -76.0 0.0 0.0
36.0  0.0 -68.0 1.0 0.0
36.0  8.0 -76.0 0.0 1.0
36.0  0.0 -68.0 1.0 0.0
36.0  8.0 -68.0 1.0 1.0

36.0  8.0 -84.0 0.0 1.0
36.0  0.0 -84.0 0.0 0.0
36.0  0.0 -76.0 1.0 0.0
36.0  8.0 -84.0 0.0 1.0
36.0  0.0 -76.0 1.0 0.0
36.0  8.0 -76.0 1.0 1.0

36.0  8.0 -92.0 0.0 1.0
36.0  0.0 -92.0 0.0 0.0
36.0  0.0 -84.0 1.0 0.0
36.0  8.0 -92.0 0.0 1.0
36.0  0.0 -84.0 1.0 0.0
36.0  8.0 -84.0 1.0 1.0

36.0  8.0 -100.0 0.0 1.0
36.0  0.0 -100.0 0.0 0.0
36.0  0.0  -92.0 1.0 0.0
36.0  8.0 -100.0 0.0 1.0
36.0  0.0  -92.0 1.0 0.0
36.0  8.0  -92.0 1.0 1.0

36.0  8.0 -108.0 0.0 1.0
36.0  0.0 -108.0 0.0 0.0
36.0  0.0 -100.0 1.0 0.0
36.0  8.0 -108.0 0.0 1.0
36.0  0.0 -100.0 1.0 0.0
36.0  8.0 -100.0 1.0 1.0

36.0  8.0 -116.0 0.0 1.0
36.0  0.0 -116.0 0.0 0.0
36.0  0.0 -108.0 1.0 0.0
36.0  8.0 -116.0 0.0 1.0
36.0  0.0 -108.0 1.0 0.0
36.0  8.0 -108.0 1.0 1.0


Column 1

//ulica

28.0  8.0 -12.0 0.0 1.0
28.0  0.0 -12.0 0.0 0.0
28.0  0.0  -4.0 1.0 0.0
28.0  8.0 -12.0 0.0 1.0
28.0  0.0  -4.0 1.0 0.0
28.0  8.0  -4.0 1.0 1.0

28.0  8.0 -20.0 0.0 1.0
28.0  0.0 -20.0 0.0 0.0
28.0  0.0 -12.0 1.0 0.0
28.0  8.0 -20.0 0.0 1.0
28.0  0.0 -12.0 1.0 0.0
28.0  8.0 -12.0 1.0 1.0

28.0  8.0 -28.0 0.0 1.0
28.0  0.0 -28.0 0.0 0.0
28.0  0.0 -20.0 1.0 0.0
28.0  8.0 -28.0 0.0 1.0
28.0  0.0 -20.0 1.0 0.0
28.0  8.0 -20.0 1.0 1.0

28.0  8.0 -36.0 0.0 1.0
28.0  0.0 -36.0 0.0 0.0
28.0  0.0 -28.0 1.0 0.0
28.0  8.0 -36.0 0.0 1.0
28.0  0.0 -28.0 1.0 0.0
28.0  8.0 -28.0 1.0 1.0

28.0  8.0 -44.0 0.0 1.0
28.0  0.0 -44.0 0.0 0.0
28.0  0.0 -36.0 1.0 0.0
28.0  8.0 -44.0 0.0 1.0
28.0  0.0 -36.0 1.0 0.0
28.0  8.0 -36.0 1.0 1.0

//ulica
//stena
//ulica

28.0  8.0 -76.0 0.0 1.0
28.0  0.0 -76.0 0.0 0.0
28.0  0.0 -68.0 1.0 0.0
28.0  8.0 -76.0 0.0 1.0
28.0  0.0 -68.0 1.0 0.0
28.0  8.0 -68.0 1.0 1.0

//ulica
//ulica
//ulica

28.0  8.0 -108.0 0.0 1.0
28.0  0.0 -108.0 0.0 0.0
28.0  0.0 -100.0 1.0 0.0
28.0  8.0 -108.0 0.0 1.0
28.0  0.0 -100.0 1.0 0.0
28.0  8.0 -100.0 1.0 1.0

//ulica


// Column 2

//ulica

20.0  8.0 -12.0 0.0 1.0
20.0  0.0 -12.0 0.0 0.0
20.0  0.0  -4.0 1.0 0.0
20.0  8.0 -12.0 0.0 1.0
20.0  0.0  -4.0 1.0 0.0
20.0  8.0  -4.0 1.0 1.0

20.0  8.0 -20.0 0.0 1.0
20.0  0.0 -20.0 0.0 0.0
20.0  0.0 -12.0 1.0 0.0
20.0  8.0 -20.0 0.0 1.0
20.0  0.0 -12.0 1.0 0.0
20.0  8.0 -12.0 1.0 1.0

20.0  8.0 -28.0 0.0 1.0
20.0  0.0 -28.0 0.0 0.0
20.0  0.0 -20.0 1.0 0.0
20.0  8.0 -28.0 0.0 1.0
20.0  0.0 -20.0 1.0 0.0
20.0  8.0 -20.0 1.0 1.0

20.0  8.0 -36.0 0.0 1.0
20.0  0.0 -36.0 0.0 0.0
20.0  0.0 -28.0 1.0 0.0
20.0  8.0 -36.0 0.0 1.0
20.0  0.0 -28.0 1.0 0.0
20.0  8.0 -28.0 1.0 1.0

//stena
//ulica
//stena
//ulica
//stena
//ulica
//ulica
//ulica
//stena
//ulica

// Column 3

12.0  8.0 -4.0 0.0 1.0
12.0  0.0 -4.0 0.0 0.0
12.0  0.0  4.0 1.0 0.0
12.0  8.0 -4.0 0.0 1.0
12.0  0.0  4.0 1.0 0.0
12.0  8.0  4.0 1.0 1.0

12.0  8.0 -12.0 0.0 1.0
12.0  0.0 -12.0 0.0 0.0
12.0  0.0  -4.0 1.0 0.0
12.0  8.0 -12.0 0.0 1.0
12.0  0.0  -4.0 1.0 0.0
12.0  8.0  -4.0 1.0 1.0

12.0  8.0 -20.0 0.0 1.0
12.0  0.0 -20.0 0.0 0.0
12.0  0.0 -12.0 1.0 0.0
12.0  8.0 -20.0 0.0 1.0
12.0  0.0 -12.0 1.0 0.0
12.0  8.0 -12.0 1.0 1.0

12.0  8.0 -28.0 0.0 1.0
12.0  0.0 -28.0 0.0 0.0
12.0  0.0 -20.0 1.0 0.0
12.0  8.0 -28.0 0.0 1.0
12.0  0.0 -20.0 1.0 0.0
12.0  8.0 -20.0 1.0 1.0

//ulica
//stena
//ulica
//stena
//ulica
//stena
//ulica

12.0  8.0 -92.0 0.0 1.0
12.0  0.0 -92.0 0.0 0.0
12.0  0.0 -84.0 1.0 0.0
12.0  8.0 -92.0 0.0 1.0
12.0  0.0 -84.0 1.0 0.0
12.0  8.0 -84.0 1.0 1.0

//ulica
//stena
//ulica

// Column 4

4.0  8.0 -4.0 0.0 1.0
4.0  0.0 -4.0 0.0 0.0
4.0  0.0  4.0 1.0 0.0
4.0  8.0 -4.0 0.0 1.0
4.0  0.0  4.0 1.0 0.0
4.0  8.0  4.0 1.0 1.0

4.0  8.0 -12.0 0.0 1.0
4.0  0.0 -12.0 0.0 0.0
4.0  0.0  -4.0 1.0 0.0
4.0  8.0 -12.0 0.0 1.0
4.0  0.0  -4.0 1.0 0.0
4.0  8.0  -4.0 1.0 1.0

4.0  8.0 -20.0 0.0 1.0
4.0  0.0 -20.0 0.0 0.0
4.0  0.0 -12.0 1.0 0.0
4.0  8.0 -20.0 0.0 1.0
4.0  0.0 -12.0 1.0 0.0
4.0  8.0 -12.0 1.0 1.0

4.0  8.0 -28.0 0.0 1.0
4.0  0.0 -28.0 0.0 0.0
4.0  0.0 -20.0 1.0 0.0
4.0  8.0 -28.0 0.0 1.0
4.0  0.0 -20.0 1.0 0.0
4.0  8.0 -20.0 1.0 1.0

//ulica
//stena
//ulica
//stena
//ulica
//stena
//ulica
//stena
//ulica
//stena
//ulica
//stena
//ulica
//stena
//ulica
//stena
//ulica
//stena
//ulica
//stena
//ulica


// Column 5

//ulica

-4.0  8.0 -12.0 0.0 1.0
-4.0  0.0 -12.0 0.0 0.0
-4.0  0.0  -4.0 1.0 0.0
-4.0  8.0 -12.0 0.0 1.0
-4.0  0.0  -4.0 1.0 0.0
-4.0  8.0  -4.0 1.0 1.0

-4.0  8.0 -20.0 0.0 1.0
-4.0  0.0 -20.0 0.0 0.0
-4.0  0.0 -12.0 1.0 0.0
-4.0  8.0 -20.0 0.0 1.0
-4.0  0.0 -12.0 1.0 0.0
-4.0  8.0 -12.0 1.0 1.0

-4.0  8.0 -28.0 0.0 1.0
-4.0  0.0 -28.0 0.0 0.0
-4.0  0.0 -20.0 1.0 0.0
-4.0  8.0 -28.0 0.0 1.0
-4.0  0.0 -20.0 1.0 0.0
-4.0  8.0 -20.0 1.0 1.0

//ulica
//stena
//ulica
//stena
//ulica
//stena
//ulica
//stena
//ulica
//stena

-4.0  8.0 -116.0 0.0 1.0
-4.0  0.0 -116.0 0.0 0.0
-4.0  0.0 -108.0 1.0 0.0
-4.0  8.0 -116.0 0.0 1.0
-4.0  0.0 -108.0 1.0 0.0
-4.0  8.0 -108.0 1.0 1.0

// Column 6

//ulica
//stena

-12.0  8.0 -20.0 0.0 1.0
-12.0  0.0 -20.0 0.0 0.0
-12.0  0.0 -12.0 1.0 0.0
-12.0  8.0 -20.0 0.0 1.0
-12.0  0.0 -12.0 1.0 0.0
-12.0  8.0 -12.0 1.0 1.0

-12.0  8.0 -28.0 0.0 1.0
-12.0  0.0 -28.0 0.0 0.0
-12.0  0.0 -20.0 1.0 0.0
-12.0  8.0 -28.0 0.0 1.0
-12.0  0.0 -20.0 1.0 0.0
-12.0  8.0 -20.0 1.0 1.0

//ulica
//stena
//ulica

-12.0  8.0 -60.0 0.0 1.0
-12.0  0.0 -60.0 0.0 0.0
-12.0  0.0 -52.0 1.0 0.0
-12.0  8.0 -60.0 0.0 1.0
-12.0  0.0 -52.0 1.0 0.0
-12.0  8.0 -52.0 1.0 1.0

//ulica
//stena
//ulica
//stena
//ulica

-12.0  8.0 -108.0 0.0 1.0
-12.0  0.0 -108.0 0.0 0.0
-12.0  0.0 -100.0 1.0 0.0
-12.0  8.0 -108.0 0.0 1.0
-12.0  0.0 -100.0 1.0 0.0
-12.0  8.0 -100.0 1.0 1.0

-12.0  8.0 -116.0 0.0 1.0
-12.0  0.0 -116.0 0.0 0.0
-12.0  0.0 -108.0 1.0 0.0
-12.0  8.0 -116.0 0.0 1.0
-12.0  0.0 -108.0 1.0 0.0
-12.0  8.0 -108.0 1.0 1.0


// Column 7

//ulica
//stena

-20.0  8.0 -20.0 0.0 1.0
-20.0  0.0 -20.0 0.0 0.0
-20.0  0.0 -12.0 1.0 0.0
-20.0  8.0 -20.0 0.0 1.0
-20.0  0.0 -12.0 1.0 0.0
-20.0  8.0 -12.0 1.0 1.0

-20.0  8.0 -28.0 0.0 1.0
-20.0  0.0 -28.0 0.0 0.0
-20.0  0.0 -20.0 1.0 0.0
-20.0  8.0 -28.0 0.0 1.0
-20.0  0.0 -20.0 1.0 0.0
-20.0  8.0 -20.0 1.0 1.0

//ulica
//stena
//ulica
//ulica
//ulica
//stena
//ulica
//stena

-20.0  8.0 -100.0 0.0 1.0
-20.0  0.0 -100.0 0.0 0.0
-20.0  0.0  -92.0 1.0 0.0
-20.0  8.0 -100.0 0.0 1.0
-20.0  0.0  -92.0 1.0 0.0
-20.0  8.0  -92.0 1.0 1.0

-20.0  8.0 -108.0 0.0 1.0
-20.0  0.0 -108.0 0.0 0.0
-20.0  0.0 -100.0 1.0 0.0
-20.0  8.0 -108.0 0.0 1.0
-20.0  0.0 -100.0 1.0 0.0
-20.0  8.0 -100.0 1.0 1.0

-20.0  8.0 -116.0 0.0 1.0
-20.0  0.0 -116.0 0.0 0.0
-20.0  0.0 -108.0 1.0 0.0
-20.0  8.0 -116.0 0.0 1.0
-20.0  0.0 -108.0 1.0 0.0
-20.0  8.0 -108.0 1.0 1.0


// Column 8

//ulica

-28.0  8.0 -12.0 0.0 1.0
-28.0  0.0 -12.0 0.0 0.0
-28.0  0.0  -4.0 1.0 0.0
-28.0  8.0 -12.0 0.0 1.0
-28.0  0.0  -4.0 1.0 0.0
-28.0  8.0  -4.0 1.0 1.0

-28.0  8.0 -20.0 0.0 1.0
-28.0  0.0 -20.0 0.0 0.0
-28.0  0.0 -12.0 1.0 0.0
-28.0  8.0 -20.0 0.0 1.0
-28.0  0.0 -12.0 1.0 0.0
-28.0  8.0 -12.0 1.0 1.0

-28.0  8.0 -28.0 0.0 1.0
-28.0  0.0 -28.0 0.0 0.0
-28.0  0.0 -20.0 1.0 0.0
-28.0  8.0 -28.0 0.0 1.0
-28.0  0.0 -20.0 1.0 0.0
-28.0  8.0 -20.0 1.0 1.0

//ulica

-28.0  8.0 -44.0 0.0 1.0
-28.0  0.0 -44.0 0.0 0.0
-28.0  0.0 -36.0 1.0 0.0
-28.0  8.0 -44.0 0.0 1.0
-28.0  0.0 -36.0 1.0 0.0
-28.0  8.0 -36.0 1.0 1.0

//ulica
//ulica
//ulica
//stena
//ulica

-28.0  8.0 -92.0 0.0 1.0
-28.0  0.0 -92.0 0.0 0.0
-28.0  0.0 -84.0 1.0 0.0
-28.0  8.0 -92.0 0.0 1.0
-28.0  0.0 -84.0 1.0 0.0
-28.0  8.0 -84.0 1.0 1.0

-28.0  8.0 -100.0 0.0 1.0
-28.0  0.0 -100.0 0.0 0.0
-28.0  0.0  -92.0 1.0 0.0
-28.0  8.0 -100.0 0.0 1.0
-28.0  0.0  -92.0 1.0 0.0
-28.0  8.0  -92.0 1.0 1.0

-28.0  8.0 -108.0 0.0 1.0
-28.0  0.0 -108.0 0.0 0.0
-28.0  0.0 -100.0 1.0 0.0
-28.0  8.0 -108.0 0.0 1.0
-28.0  0.0 -100.0 1.0 0.0
-28.0  8.0 -100.0 1.0 1.0

-28.0  8.0 -116.0 0.0 1.0
-28.0  0.0 -116.0 0.0 0.0
-28.0  0.0 -108.0 1.0 0.0
-28.0  8.0 -116.0 0.0 1.0
-28.0  0.0 -108.0 1.0 0.0
-28.0  8.0 -108.0 1.0 1.0


// Column 9

//ulica

-36.0  8.0 -12.0 0.0 1.0
-36.0  0.0 -12.0 0.0 0.0
-36.0  0.0  -4.0 1.0 0.0
-36.0  8.0 -12.0 0.0 1.0
-36.0  0.0  -4.0 1.0 0.0
-36.0  8.0  -4.0 1.0 1.0

-36.0  8.0 -20.0 0.0 1.0
-36.0  0.0 -20.0 0.0 0.0
-36.0  0.0 -12.0 1.0 0.0
-36.0  8.0 -20.0 0.0 1.0
-36.0  0.0 -12.0 1.0 0.0
-36.0  8.0 -12.0 1.0 1.0

-36.0  8.0 -28.0 0.0 1.0
-36.0  0.0 -28.0 0.0 0.0
-36.0  0.0 -20.0 1.0 0.0
-36.0  8.0 -28.0 0.0 1.0
-36.0  0.0 -20.0 1.0 0.0
-36.0  8.0 -20.0 1.0 1.0

-36.0  8.0 -36.0 0.0 1.0
-36.0  0.0 -36.0 0.0 0.0
-36.0  0.0 -28.0 1.0 0.0
-36.0  8.0 -36.0 0.0 1.0
-36.0  0.0 -28.0 1.0 0.0
-36.0  8.0 -28.0 1.0 1.0

-36.0  8.0 -44.0 0.0 1.0
-36.0  0.0 -44.0 0.0 0.0
-36.0  0.0 -36.0 1.0 0.0
-36.0  8.0 -44.0 0.0 1.0
-36.0  0.0 -36.0 1.0 0.0
-36.0  8.0 -36.0 1.0 1.0

-36.0  8.0 -52.0 0.0 1.0
-36.0  0.0 -52.0 0.0 0.0
-36.0  0.0 -44.0 1.0 0.0
-36.0  8.0 -52.0 0.0 1.0
-36.0  0.0 -44.0 1.0 0.0
-36.0  8.0 -44.0 1.0 1.0

-36.0  8.0 -60.0 0.0 1.0
-36.0  0.0 -60.0 0.0 0.0
-36.0  0.0 -52.0 1.0 0.0
-36.0  8.0 -60.0 0.0 1.0
-36.0  0.0 -52.0 1.0 0.0
-36.0  8.0 -52.0 1.0 1.0

//ulica
//stena
//ulica
//ulica
//ulica

-36.0  8.0 -108.0 0.0 1.0
-36.0  0.0 -108.0 0.0 0.0
-36.0  0.0 -100.0 1.0 0.0
-36.0  8.0 -108.0 0.0 1.0
-36.0  0.0 -100.0 1.0 0.0
-36.0  8.0 -100.0 1.0 1.0

//ulica


// Column 10

//ulica
//stena

-44.0  8.0 -20.0 0.0 1.0
-44.0  0.0 -20.0 0.0 0.0
-44.0  0.0 -12.0 1.0 0.0
-44.0  8.0 -20.0 0.0 1.0
-44.0  0.0 -12.0 1.0 0.0
-44.0  8.0 -12.0 1.0 1.0

//stena

-44.0  8.0 -36.0 0.0 1.0
-44.0  0.0 -36.0 0.0 0.0
-44.0  0.0 -28.0 1.0 0.0
-44.0  8.0 -36.0 0.0 1.0
-44.0  0.0 -28.0 1.0 0.0
-44.0  8.0 -28.0 1.0 1.0

-44.0  8.0 -44.0 0.0 1.0
-44.0  0.0 -44.0 0.0 0.0
-44.0  0.0 -36.0 1.0 0.0
-44.0  8.0 -44.0 0.0 1.0
-44.0  0.0 -36.0 1.0 0.0
-44.0  8.0 -36.0 1.0 1.0

-44.0  8.0 -52.0 0.0 1.0
-44.0  0.0 -52.0 0.0 0.0
-44.0  0.0 -44.0 1.0 0.0
-44.0  8.0 -52.0 0.0 1.0
-44.0  0.0 -44.0 1.0 0.0
-44.0  8.0 -44.0 1.0 1.0

//stena
//ulica

-44.0  8.0 -76.0 0.0 1.0
-44.0  0.0 -76.0 0.0 0.0
-44.0  0.0 -68.0 1.0 0.0
-44.0  8.0 -76.0 0.0 1.0
-44.0  0.0 -68.0 1.0 0.0
-44.0  8.0 -68.0 1.0 1.0

//ulica
//ulica
//ulica
//stena
//ulica


// Column 11

//ulica
//stena
//ulica
//stena
//ulica

-52.0  8.0 -44.0 0.0 1.0
-52.0  0.0 -44.0 0.0 0.0
-52.0  0.0 -36.0 1.0 0.0
-52.0  8.0 -44.0 0.0 1.0
-52.0  0.0 -36.0 1.0 0.0
-52.0  8.0 -36.0 1.0 1.0

-52.0  8.0 -52.0 0.0 1.0
-52.0  0.0 -52.0 0.0 0.0
-52.0  0.0 -44.0 1.0 0.0
-52.0  8.0 -52.0 0.0 1.0
-52.0  0.0 -44.0 1.0 0.0
-52.0  8.0 -44.0 1.0 1.0

//stena
//ulica

-52.0  8.0 -76.0 0.0 1.0
-52.0  0.0 -76.0 0.0 0.0
-52.0  0.0 -68.0 1.0 0.0
-52.0  8.0 -76.0 0.0 1.0
-52.0  0.0 -68.0 1.0 0.0
-52.0  8.0 -68.0 1.0 1.0

-52.0  8.0 -84.0 0.0 1.0
-52.0  0.0 -84.0 0.0 0.0
-52.0  0.0 -76.0 1.0 0.0
-52.0  8.0 -84.0 0.0 1.0
-52.0  0.0 -76.0 1.0 0.0
-52.0  8.0 -76.0 1.0 1.0

-52.0  8.0 -92.0 0.0 1.0
-52.0  0.0 -92.0 0.0 0.0
-52.0  0.0 -84.0 1.0 0.0
-52.0  8.0 -92.0 0.0 1.0
-52.0  0.0 -84.0 1.0 0.0
-52.0  8.0 -84.0 1.0 1.0

-52.0  8.0 -100.0 0.0 1.0
-52.0  0.0 -100.0 0.0 0.0
-52.0  0.0  -92.0 1.0 0.0
-52.0  8.0 -100.0 0.0 1.0
-52.0  0.0  -92.0 1.0 0.0
-52.0  8.0  -92.0 1.0 1.0

//stena
//ulica


// Column 12

//ulica

-60.0  8.0 -12.0 0.0 1.0
-60.0  0.0 -12.0 0.0 0.0
-60.0  0.0  -4.0 1.0 0.0
-60.0  8.0 -12.0 0.0 1.0
-60.0  0.0  -4.0 1.0 0.0
-60.0  8.0  -4.0 1.0 1.0

//ulica
//stena
//ulica

-60.0  8.0 -44.0 0.0 1.0
-60.0  0.0 -44.0 0.0 0.0
-60.0  0.0 -36.0 1.0 0.0
-60.0  8.0 -44.0 0.0 1.0
-60.0  0.0 -36.0 1.0 0.0
-60.0  8.0 -36.0 1.0 1.0

-60.0  8.0 -52.0 0.0 1.0
-60.0  0.0 -52.0 0.0 0.0
-60.0  0.0 -44.0 1.0 0.0
-60.0  8.0 -52.0 0.0 1.0
-60.0  0.0 -44.0 1.0 0.0
-60.0  8.0 -44.0 1.0 1.0

-60.0  8.0 -60.0 0.0 1.0
-60.0  0.0 -60.0 0.0 0.0
-60.0  0.0 -52.0 1.0 0.0
-60.0  8.0 -60.0 0.0 1.0
-60.0  0.0 -52.0 1.0 0.0
-60.0  8.0 -52.0 1.0 1.0

//ulica
//stena

-60.0  8.0 -84.0 0.0 1.0
-60.0  0.0 -84.0 0.0 0.0
-60.0  0.0 -76.0 1.0 0.0
-60.0  8.0 -84.0 0.0 1.0
-60.0  0.0 -76.0 1.0 0.0
-60.0  8.0 -76.0 1.0 1.0

-60.0  8.0 -92.0 0.0 1.0
-60.0  0.0 -92.0 0.0 0.0
-60.0  0.0 -84.0 1.0 0.0
-60.0  8.0 -92.0 0.0 1.0
-60.0  0.0 -84.0 1.0 0.0
-60.0  8.0 -84.0 1.0 1.0

-60.0  8.0 -100.0 0.0 1.0
-60.0  0.0 -100.0 0.0 0.0
-60.0  0.0  -92.0 1.0 0.0
-60.0  8.0 -100.0 0.0 1.0
-60.0  0.0  -92.0 1.0 0.0
-60.0  8.0  -92.0 1.0 1.0

-60.0  8.0 -108.0 0.0 1.0
-60.0  0.0 -108.0 0.0 0.0
-60.0  0.0 -100.0 1.0 0.0
-60.0  8.0 -108.0 0.0 1.0
-60.0  0.0 -100.0 1.0 0.0
-60.0  8.0 -100.0 1.0 1.0

// ulica


// Column 13

-68.0  8.0 -4.0 0.0 1.0
-68.0  0.0 -4.0 0.0 0.0
-68.0  0.0  4.0 1.0 0.0
-68.0  8.0 -4.0 0.0 1.0
-68.0  0.0  4.0 1.0 0.0
-68.0  8.0  4.0 1.0 1.0

-68.0  8.0 -12.0 0.0 1.0
-68.0  0.0 -12.0 0.0 0.0
-68.0  0.0  -4.0 1.0 0.0
-68.0  8.0 -12.0 0.0 1.0
-68.0  0.0  -4.0 1.0 0.0
-68.0  8.0  -4.0 1.0 1.0

-68.0  8.0 -20.0 0.0 1.0
-68.0  0.0 -20.0 0.0 0.0
-68.0  0.0 -12.0 1.0 0.0
-68.0  8.0 -20.0 0.0 1.0
-68.0  0.0 -12.0 1.0 0.0
-68.0  8.0 -12.0 1.0 1.0

//stena

-68.0  8.0 -36.0 0.0 1.0
-68.0  0.0 -36.0 0.0 0.0
-68.0  0.0 -28.0 1.0 0.0
-68.0  8.0 -36.0 0.0 1.0
-68.0  0.0 -28.0 1.0 0.0
-68.0  8.0 -28.0 1.0 1.0

-68.0  8.0 -44.0 0.0 1.0
-68.0  0.0 -44.0 0.0 0.0
-68.0  0.0 -36.0 1.0 0.0
-68.0  8.0 -44.0 0.0 1.0
-68.0  0.0 -36.0 1.0 0.0
-68.0  8.0 -36.0 1.0 1.0

-68.0  8.0 -52.0 0.0 1.0
-68.0  0.0 -52.0 0.0 0.0
-68.0  0.0 -44.0 1.0 0.0
-68.0  8.0 -52.0 0.0 1.0
-68.0  0.0 -44.0 1.0 0.0
-68.0  8.0 -44.0 1.0 1.0

-68.0  8.0 -60.0 0.0 1.0
-68.0  0.0 -60.0 0.0 0.0
-68.0  0.0 -52.0 1.0 0.0
-68.0  8.0 -60.0 0.0 1.0
-68.0  0.0 -52.0 1.0 0.0
-68.0  8.0 -52.0 1.0 1.0

-68.0  8.0 -68.0 0.0 1.0
-68.0  0.0 -68.0 0.0 0.0
-68.0  0.0 -60.0 1.0 0.0
-68.0  8.0 -68.0 0.0 1.0
-68.0  0.0 -60.0 1.0 0.0
-68.0  8.0 -60.0 1.0 1.0

//stena

-68.0  8.0 -84.0 0.0 1.0
-68.0  0.0 -84.0 0.0 0.0
-68.0  0.0 -76.0 1.0 0.0
-68.0  8.0 -84.0 0.0 1.0
-68.0  0.0 -76.0 1.0 0.0
-68.0  8.0 -76.0 1.0 1.0

-68.0  8.0 -92.0 0.0 1.0
-68.0  0.0 -92.0 0.0 0.0
-68.0  0.0 -84.0 1.0 0.0
-68.0  8.0 -92.0 0.0 1.0
-68.0  0.0 -84.0 1.0 0.0
-68.0  8.0 -84.0 1.0 1.0

-68.0  8.0 -100.0 0.0 1.0
-68.0  0.0 -100.0 0.0 0.0
-68.0  0.0  -92.0 1.0 0.0
-68.0  8.0 -100.0 0.0 1.0
-68.0  0.0  -92.0 1.0 0.0
-68.0  8.0  -92.0 1.0 1.0

-68.0  8.0 -108.0 0.0 1.0
-68.0  0.0 -108.0 0.0 0.0
-68.0  0.0 -100.0 1.0 0.0
-68.0  8.0 -108.0 0.0 1.0
-68.0  0.0 -100.0 1.0 0.0
-68.0  8.0 -100.0 1.0 1.0

-68.0  8.0 -116.0 0.0 1.0
-68.0  0.0 -116.0 0.0 0.0
-68.0  0.0 -108.0 1.0 0.0
-68.0  8.0 -116.0 0.0 1.0
-68.0  0.0 -108.0 1.0 0.0
-68.0  8.0 -108.0 1.0 1.0
